<?xml version="1.0" ?>
<PyBrain>
	<Network class="pybrain.structure.networks.feedforward.FeedForwardNetwork" name="FeedForwardNetwork-6">
		<name val="'FeedForwardNetwork-6'"/>
		<Modules>
			<LinearLayer class="pybrain.structure.modules.linearlayer.LinearLayer" inmodule="True" name="LinearLayer-3">
				<dim val="69"/>
			</LinearLayer>
			<LinearLayer class="pybrain.structure.modules.linearlayer.LinearLayer" name="LinearLayer-14" outmodule="True">
				<dim val="2"/>
			</LinearLayer>
			<SigmoidLayer class="pybrain.structure.modules.sigmoidlayer.SigmoidLayer" name="SigmoidLayer-15">
				<dim val="35"/>
			</SigmoidLayer>
		</Modules>
		<Connections>
			<FullConnection class="pybrain.structure.connections.full.FullConnection" name="FullConnection-4">
				<inmod val="LinearLayer-3"/>
				<outmod val="SigmoidLayer-15"/>
				<Parameters>[-0.49100415286726123, -0.42505359997910891, -0.69713931322321732, -1.8587963668802743, -0.254334565088846, -1.6067811264054659, 0.12166991336852387, -0.28133612778436012, 0.52649420558054794, -1.447344478684881, 0.15105816200786282, -0.83106409294242423, 0.089238298644178732, -0.27284001015807419, -0.77650213332155782, 0.24337199280306523, 0.39110967358829202, -1.4202709504936424, 0.34362564203624296, -0.22433254341147621, -0.99212255620329548, 0.081141089441491163, -0.39496905910461183, -0.036081863727946487, -1.5714240408785987, -0.77091015433127896, -0.28371401825858833, 0.91112818789896322, -0.79981938770237893, -1.485999939167127, 0.77582237189570347, -1.1562245410235417, 0.75253478822378939, 1.0662962070214168, 1.7354363520631544, 0.8293860745003635, -0.64033813027828934, -1.6546711111971331, 0.39817227039661485, 0.48749806252051336, -0.86953251948318, 3.4688219022053066, 1.6052470786905064, 0.12236373661400721, -1.4235624364757453, 0.6673415064326873, -1.2656081769901479, 0.10002897685894385, -1.1905392740840748, -0.14621341129384235, -0.88796366687921557, 0.26804671572202826, -0.19578906741753974, -0.31262797239917661, 0.13894223408421402, 0.048216421955290863, -1.2208038211445462, -0.58700880984851644, -0.11454141147367282, 0.46134827153608565, 1.3454864744328119, 0.38895830193544989, -2.0358749301294798, -0.47294735422322925, -1.0030432264050126, -0.078940828099820712, -1.4581273611111722, -0.018701524662756833, 1.5953291663480544, 0.021491906688101678, 0.32424114042970859, -0.48079856161718604, -1.8250962611549608, -0.58300750138123414, 0.77645906770094375, -0.078108540032380297, 0.77664037879016024, -0.33566905802202945, 0.36285748126607337, -0.24926243654868407, 0.82773771802812479, -0.29987633197509922, -1.2684672906564216, -1.7400573854294177, 1.8993758797133786, -0.63220255013623183, -0.16809268276899178, -0.98006510021665028, 0.92361713723891758, 1.5300583890854875, -0.69778918352450792, -0.11666707312444277, -0.11010983692671865, -1.5969494449456396, -0.33229281784466141, 0.44169476702954935, -1.0627636836086889, 2.3720444828240184, -0.47735992201968463, -1.3311115513888321, -0.9809845198742545, -2.5362236468569939, 1.3302079308880204, 1.5661117896829988, -0.60998540865414086, 1.8763109997012548, -1.0532768618586017, 1.5016118872063715, -1.5656856673914004, 0.33987523021694394, -0.23122055440319672, -0.099625163560146432, 0.077760273696909368, 0.96130224951272536, 0.15244494699102137, -0.90158715083856944, 0.93863750187202788, 0.28385382340840898, 1.2576367138764069, -1.6596747434671173, -0.79991227152186739, -1.12276553562515, -0.30424730555765966, 0.95512658272875017, 0.56284112206855841, 1.3170906876921982, -1.3471758684176838, 0.011350828167261432, 0.66913091188213691, 0.33295065696120785, -0.059211819872043769, 0.22792928619228436, -0.74602421889124282, -0.44218709985778853, -0.73333080493846692, -0.31856799064419872, 0.47109128602491057, -0.8606103914773624, -0.10761896407916939, 0.58652064855240738, 1.1184214607639686, -1.0569692774697785, -0.5159608646024928, 1.3613133681219156, -1.5174609502364467, -0.97301053280197192, -0.21986825997429976, 0.82654372348320315, -0.1147618826736931, -0.45377119788400955, 0.51976531390101333, 1.0920637798928317, -0.85640595427128274, 1.4176466106543759, -0.82336160648652235, 0.80295397845283423, 2.1622090321217105, -1.9436050081390781, -1.0673952581248847, -2.5759572739937711, 0.83822672181393598, -1.0484605426384859, -0.6497635588312286, -0.18360232511481347, 0.13959747405204317, -0.091276011636220261, 0.28376879108858605, -1.5374913397747814, -0.30055753091238696, 0.55234809530349527, 1.0279421963229622, -0.34665230343467407, -0.4280657819195669, 1.9490975139865441, 1.0236283768117322, -0.57375244039418993, -0.27780725345904633, -1.1049911199924045, -0.48281980656413714, 1.8161307808111873, -0.66922492207710649, 1.0073694705695631, -0.11430940123583315, 1.271170113097206, -0.095619933018985068, 0.69250244153016038, -1.0092148879384262, 1.5432779077163947, -0.10435036299146516, 0.41685314654538036, -0.37534963718142139, 0.013779665224193405, 1.8424591464103228, -1.5675914404563609, 0.61775373955261292, -0.66071195830036544, 1.1178532791525206, -0.44482300629355687, 2.1578621389534476, -0.84474196199701712, 0.11622589677722352, 0.61606109689929711, 0.001567664768834293, -0.66240303894079744, -0.86142385866484028, 0.85098120183874482, 0.49820094615116811, 1.067124664240416, -0.87662886608271284, 0.49056992221945972, -0.80939472979971772, 1.971066937558611, 0.66465650953601585, 0.45237058408440617, -1.1497807596613527, 2.3081843653909422, 0.0014722582032678404, 0.47069158817541779, 1.3495329335387058, -1.427799114047636, 0.98025036689529144, 0.5032580091213209, -0.25582037416660719, 0.61038969148781919, 2.1179088556142425, -0.40601901867505036, -1.1119289758988695, 1.2948794897295814, -1.9380790891082535, -0.33057411221638727, 0.28139994805523288, 0.8475371505587318, 0.28219864707220965, 0.62747914101769608, -1.2084034203816509, -0.12258229651597259, -0.93450621276421575, -1.0560326183544282, 1.6899201777302697, 0.46498847222529549, -0.60981543496256652, 0.53920560096479164, 0.12621096726671538, 0.12325062031496396, -0.47802061597619883, -0.1506618603820141, -0.042130989717479125, -1.4940704472066348, -0.86279260330096097, -0.21792794600353699, -0.3793677151448957, 0.33500863605739278, 1.9632396998028505, 0.36414179990065842, -0.75414266599016233, -0.34416002338334423, 0.12534264201373149, -0.98284777132945078, -0.49615463447425379, -1.9833450905621866, -0.51934364326189097, -1.7490929396292267, 1.6213158680041599, -0.13353641496528976, -0.72254091717294333, -0.70729830353222756, 1.27772390795004, 1.8656465908575917, 0.12977841462205003, 0.17084642211631548, -0.35064628465748288, 0.4855109614247764, 0.21277676143918267, 0.0058610488052469115, -0.11746986979704063, -0.071711707041018327, 1.610958553875371, -1.8472291887304337, -1.3892918841602462, -0.075397951265293944, -0.093064681356897369, 0.016907566055044287, -1.3271070805035938, -0.52168866082291143, 0.50687471766741021, -0.26711145499611555, -0.42985667023459057, -0.5948785829197325, 0.86694249679720436, -0.24596732269774818, -0.66005269762710084, 1.7615859142857726, 0.39418366041856795, 0.33877480388899361, 2.4585332883949844, 0.56472187515055416, -0.57225120925771999, -0.66839997523686112, -0.32601533028851537, -0.65018602969459938, 0.65962463145035877, 1.0490911287442986, -0.0038853523665717342, 0.76187728402019228, -1.1275641307804312, 0.16258160170966218, 0.28314262103957671, -0.1309961961897296, -0.55782937455354087, 1.1030614460768198, 0.97693379899504729, -0.68556346702740789, 0.060510633447481227, 0.067075097843817752, 1.3510716923702113, -0.72656918404949289, -0.074526175103790018, -1.1675429629520198, -0.64675152776842015, 1.4463261092447082, 1.4091670304538348, 2.2267303585892257, 0.75731624106730533, 0.23781542646864062, 0.83130858394324403, -1.1873370676611277, 1.0723198406586798, 2.5533027062288505, 0.34974235411519777, -0.16641098632239681, 0.10580841550466716, -0.061662879309061509, -0.59705291716151498, 0.28563637738475683, -0.21005246794646043, -1.4116151672676587, -0.54756110829683646, -2.544613156218209, -0.31525988178162878, -1.824814848951803, -0.45139806862135362, -0.4828082803928111, 0.50804944435127963, 0.60790677261182757, -0.5405236387970106, 0.27680880239428485, -0.14466166170846009, -0.02434842275885216, 0.26255627092379336, -0.9478118888598881, -1.4347503443953356, 0.35582723910486702, -1.2630942223175743, -0.90868834287321887, -0.31895761067347894, 1.215603473999413, 2.2976608351154297, -1.7692013718650574, -1.6437799544007285, -0.55945375826993393, 0.70308898652983087, 1.009746618355007, -0.38893454288094159, 0.52111181714318322, 0.94835310038437848, -1.0077898286758691, -0.77291966302206583, -0.90170527403998646, -0.013047000882139061, -0.70475692686025682, 0.94146843227068455, -0.62417475779317266, -0.77002867149118492, 0.56417261009369557, -1.0449596005842678, 1.8008376643790229, -1.5152285951727931, 0.61736330202802092, -0.073166995237744128, 0.99364434427532167, -2.6526708530890559, -3.7197302622986319, -0.9188890086117163, -0.33372730157459823, 0.87010973675201653, 0.8313936230403266, -0.14644373293571405, -1.7934380430996137, 0.16379980210726866, -0.37145604866001436, -0.97672872931659671, 0.37021543990049777, -2.3988293243834309, 0.06078048519393324, -1.2780297212654543, 0.37729776307366536, -0.84949081772214641, -0.23511729183362493, 0.80740180216470481, 1.9425151836286965, -0.077063926596827925, 0.34401840136937667, -0.28493487352244995, -0.45801540299614141, -0.31166129593633618, 0.57261276317294962, 0.12195042167164834, 0.36664376496806411, 0.27928053916092493, -1.1395892388094606, 0.43931587396929267, -0.34709361756210994, 0.31470314704824054, 0.96491873731854072, -0.11534305875470068, 0.43706426069223764, 1.9857408430536965, 0.13542347827958204, -1.2522752726871029, 2.217193083660232, 0.61327462279949918, 1.6468290355456083, -0.01140859485200626, -0.70528113732553166, -0.3833743692511164, -1.7174344170202058, -0.29304015767687636, 1.3559043906236703, 1.0896900800193428, 0.35727056562264309, -1.9594059023723438, -0.33653213978438923, -0.096514217143866585, -0.10236486428728937, -0.71279965391299882, -1.4846309054044808, -1.6524677281258822, 1.0938813173900066, 1.763508392003805, -0.68789670154448468, 0.21843960590581099, -1.4553846817937588, -0.89322569580068456, -0.096628323403089064, -1.8140904803368476, -1.5921344788558178, -0.9553142743518831, -0.44251423747476254, -1.0902709603490706, 0.47044224205065993, -0.89263281244490611, -1.0638644023061448, 2.2412087183517904, 0.7314071269838136, -0.65240446859544521, 0.046770977922123633, -0.84828514969889801, 0.057275421566942888, -0.94866423846127934, -0.69042383444430377, 0.4314880530516616, -1.7158237045900293, 1.3495292763877798, -0.50130777962201978, 1.3377291167135386, 1.7436814061293295, -0.36085763355761769, -1.2433180728465854, 0.84178508503381477, -0.17754018920302186, -0.34665689173408304, 0.59885191240979985, 0.033975736722020228, 0.90538478742050632, 1.2570308001749229, 1.63824107811567, 0.13677005848168955, -1.2128291017799708, -1.5549019008226423, 0.083888844778588115, 0.65592924337409275, -2.3163892085822009, 1.2956778200274111, -1.13067275453903, -0.54946430160157245, 1.5308616463758038, -4.9532950489869719e-05, -0.20937870624935925, -0.096718553178724451, -0.67347730406355122, 0.44003539392807306, 0.83214518437365781, -0.092559677537698351, -0.12889716184904501, 0.093865541448622122, 1.1547342081233936, 1.5859270947942323, -1.5519968932270045, -0.31150967083873432, 1.2602401215054368, 0.2318273897142944, -0.15991553617919327, 0.027208767142700083, -0.54033122952878077, 1.0384448417482099, 0.94407396330021554, -0.40553521558241923, -1.3968901932645765, -1.2851287622625582, 1.7882622328757296, -0.58363208063584693, 0.69879789405066917, -0.11359558335254923, 2.0337549424475032, -0.008673710928400415, 0.27493673286121267, -2.1250831069440945, 0.84862881544075719, -0.19998067196847341, 1.8678472972681783, 0.062283740690322373, 1.6030953317950285, -0.28545917184953001, 0.016679663765152227, 1.2794535037729962, 1.1756730710074375, 0.90186352607086262, -0.28344927725525665, 0.61583262510781089, -1.7782556590995517, 1.5329381550573722, -0.62073423324153387, -0.67031068096292268, -0.43397921875879136, -0.55951392126218935, -0.60489903291069158, 0.68431683569796753, -0.19785238921759266, 1.9937228950219092, 0.26424684792760872, 0.845812584055747, 1.2380589307951204, -0.46972987359559409, -0.29380075127853356, 0.37958187740692112, -1.1383162366140216, -1.3796463614363659, 1.1222263486133235, -0.47005241621690497, -1.5274708198967035, 1.0554908210832246, 0.26654500356319766, 1.0692849786875289, -1.1148962542900158, 0.16001679580281258, -1.0390955840880272, -0.11949994432875052, 0.74686886569019084, 0.15987029831490782, -1.239110512825649, 2.3884797373415059, 0.47150306681803872, 0.40975028227838634, -1.0257505716778856, -0.052425102091539805, -0.61885276360171237, 1.4965317582387003, -0.006288359667291998, -0.38561787633164585, 2.1373186624247751, -0.49632112982709292, 0.42296915932194445, 0.8499899425879458, -0.95917930474071278, -0.86838070979358739, 0.60229788403479312, 1.0061216997094105, -0.12230753799159727, -0.021413805362314502, -0.36381671444958769, 0.031462050743762002, -0.22173420113533746, -1.0571128020199521, -0.069701012079225716, 0.37913905968630907, -1.536195146485144, -1.1901634868138145, -0.022193350193088407, -1.0464629185900434, -0.70124608366598051, 1.4326334997136621, 1.2768211496909496, -0.18259679744826418, -0.58136857843811118, -0.39538035743107547, -0.30350669643471051, -0.035290053928293479, 0.5212361413631289, 0.0015704201890657137, 0.98559772177185034, -1.3482938437773164, -1.5471849328287517, -0.12307547145154532, -1.0150651393762844, -0.42637400642811696, 0.30025873681956805, -0.2421170089220894, -1.4523144342916825, -0.11745421811629024, 0.85692902094001655, 0.033710631066160332, -0.83572875119578471, 0.98910240932581617, -0.022650452456177445, 0.9438250184718745, -1.6049367964418952, -1.9527543773361042, 0.9672922758294199, -2.5454246200058597, 1.4077085432550338, 1.6607882780172381, -0.12042634125629073, 0.79250934759503189, 0.7269767555952823, 1.2835500428129187, -1.7882468285992377, 1.0724760401726656, 0.038167608150051435, -1.0552587813921968, 1.007691028977951, 0.85532099650064519, 1.4546557284978905, 1.2268112039169954, -1.2363196047897573, -1.5162861643645398, 1.0762664027915751, 0.48275702546414079, 2.2233199631122322, 1.7201884019831297, 1.2365024337121036, -1.3800120460707916, -0.22267229020780943, 1.5874631327137867, 2.553041541621309, -0.84175626393735115, -0.64997606447832812, -1.2949024261425761, 1.4780716794122308, -0.88299308358622175, 0.41164354783671364, -0.2275976748342845, -0.55092775204355782, 0.58622677814662971, -0.026032977726161165, -0.70129617994668003, -1.0990615141443951, 1.0344316968817442, 0.15212723346081924, 0.56530298728013906, -0.92090400867649636, -1.2296493647844393, -0.52312733784220899, -0.047805958333487455, -0.82323229673453457, -0.32098394129477403, 0.8231673536411066, 2.4562895784312735, -0.23642945714603023, -0.39431032137863126, -0.72695492794473859, -0.31319941819295177, -0.36284261781623983, 1.2641795117320447, 1.9795490017852977, 0.35573458198160351, -0.34950526591916509, 0.80584107458855947, 0.62838156579819238, 1.8302397131364501, 1.4199012499078543, -1.185170679696538, 0.43557537559014381, 0.82629328255455281, -0.63314049152228891, 0.15583982000031854, -0.6667622554718976, 1.3148465900947615, 0.95750974959732982, -1.747487922765085, -1.2750947104835415, 0.28700875551402821, -1.050223069785966, 1.0097589585863942, -0.19713209084557498, 0.78781473768860477, 0.20484168389503879, 1.0999866846551218, -0.99399027365110837, 1.2881677343035933, 1.4962020864539001, -0.65347625112736607, 1.3529082411513675, -0.22033448543693623, 0.048075287382786686, -0.93700130362044964, -0.80218693085372494, -0.43795943510040253, -0.88025516825640138, -0.17128244677206847, 0.91796613730243071, -0.044730177953716817, 1.6719295611818228, -1.2892360318168798, 0.6927935934271241, -2.0875262078483066, 1.2578715290882594, -1.1543045150707392, 0.65220082751618935, 0.35762134147622621, 0.089425551564525863, 0.2128201741668449, 0.15196023726112853, 1.8795386644661609, 0.4216674874431281, 0.16644752849545238, -0.9676220366449223, 2.3605822845942241, 3.1637301205215596, -1.2177623554199986, -1.4618842231814255, 0.03368531548168395, 0.94408734794513871, -0.16857574354702876, -1.2158536402857727, -0.33666831833805383, 0.8530772615414467, -0.026680535856626095, -0.29840744305599898, 1.522318696673485, -0.2166586305595477, -0.5962569891042081, 0.10510359465453199, 0.66958852661962986, 0.47665240237239553, -0.46480570286306283, 1.4941660459113693, 0.17185153535297881, -0.74023509487972883, -1.5325608597155631, 1.8143753059265295, -0.12143330903292922, 1.8684254281581789, 0.83076025926740515, -0.045685211902828864, -1.725282385081633, -0.015988693040207107, 0.23762738092625732, -0.5413353586683215, 0.52593456845884246, -0.19878308077435788, -0.42094748746146948, -1.3816427213901854, -1.2889871143098288, 1.3124001242773926, -0.020039790975777867, 0.3846411234170225, 0.15089190022127949, -0.37468971952875962, 0.15736954258092176, 1.3659427595008218, -0.7853804552794994, -1.6065147798535493, 1.2984545044445237, -0.55331072445810048, -0.38766034607174965, 0.12003485266042167, 0.67947087577565746, -2.5843565452890052, 0.46901221469918308, -0.11003854672648428, 0.38862864784260215, 0.11437075135742496, 0.10187517594835714, -1.1170831270051236, -1.7231427821551646, -0.8109220916615788, 0.86703829245674902, -0.28274809796431111, -0.28981125261289625, 0.22408497159291382, 1.1545601938110415, -2.3355939596573814, -1.2152165661683247, 0.17076765567377333, 0.18128304309914964, -0.63312903209340232, -0.97221117997149165, -0.77368102456321786, -0.52146056834047116, -1.8870504794086207, -0.48240552160272254, -0.048595983531408753, -0.22840994759869521, 0.87375475164737881, -1.0766713606057452, 0.22543125558838883, 1.851270292411954, 0.13725338738802767, -0.97003600549178715, 1.260961301963029, 1.0170462490160226, 0.59530500492047955, 0.83765755794239261, 1.2350311717255387, 0.42282735513878461, 0.70698321288637112, 0.33147848085352555, 0.048626296229063996, -0.36663274906218124, 0.29299813056662116, -2.3826967452700099, 0.34789208275346906, -0.67860413773627482, 0.12065609814370616, -0.1589624391710964, -0.92554708018625464, 1.0500045584742845, -2.083553193100665, 0.89447311769323035, 1.5913971290975053, 0.12066478233697989, 1.5886130916778505, 0.07327955983684438, -0.099825371409831568, -0.86023496408162259, 1.7309378711148078, 1.9160815751470039, 0.84083930498743154, -0.32203972519084789, -0.39038795337551485, -0.71202416874142316, 0.013979402611158044, -0.068986433586674875, 0.077537225959703207, 0.58948230306808169, -0.99502687136292711, 0.22541034252015449, -0.23174080085365886, 0.33402362451857781, -0.065433999783713809, -0.29831804498767811, 0.37867140099035018, 1.607427034393097, -1.6618218164203158, -0.31392415490048081, 0.48378630590054861, 0.80004483942657723, -0.41861160456338242, 0.36675322117250758, -0.11022880200754046, -2.3096015423940464, 0.56789139263829602, 0.05257434198164912, -1.1025569799788901, 0.26573255562059994, -1.4301317410533736, -0.10235908784131718, -1.1833510137953669, 1.8252912416338085, -0.36492288191189021, -0.8315937181076537, -1.3388691773062049, -1.3107885576904572, 0.46181346734014916, -2.0099848011676666, -0.71966649195456112, -2.2922581827704946, -0.77325622945569417, 0.54805742476225394, 0.97469071534958163, -0.95709670541594738, -1.1245589033209016, -1.3994183000154954, -0.47236721554599115, -1.8155315408972521, -0.4029278288326415, -1.8849257938445421, 0.74964513131442601, -0.44552535152696893, -0.24940280095664155, 0.36250776794386058, 2.0307826281006722, 0.12002877140657725, 0.14123999649309812, -0.86915637785638211, -0.53042067163475959, 0.55406977504497046, 1.8048384208933128, -0.084816568687791111, -1.0967549288675615, -0.91388463028974953, -0.94535429588662312, -0.77708760412977251, 0.025418178740298683, 0.34351200907827778, -1.4004601956363436, -0.54153220695208748, 0.50032639148861346, 1.7251746718103647, 1.4871940959859831, 0.9331614379647547, 0.2200589055678481, 0.65054597149692395, -0.42485757783894074, -0.14463571142028842, 0.73392319017221197, 1.7488705161207572, 0.097272805509361515, 0.10492257304297875, -0.093782294443219963, -0.33018436119287875, 0.77677327467658908, 1.721417961521625, -0.53961098762812287, 0.86902674370740951, -0.072403691317665358, -0.19427949645788919, 1.807542701541567, -1.6452115454191076, 0.24460306347300204, -0.45329722786792559, 0.36057213145229616, -0.27184318924585654, 0.88667312431667455, 0.58732582212400719, -1.288354786011578, 0.083073663350255025, 1.5527981011576073, -0.090143902853516922, -0.35813337516829824, -0.478192979191569, -0.75974735963434981, 0.69971699459383019, -0.58377918334315915, 1.3518069989052219, 1.5388149830320861, -1.0031010445432087, 0.23469023795429833, 0.47149449045946207, 1.1473530894649482, -0.60659165366049106, -1.1916230205416203, 2.4988724072597486, -1.9610553535003195, -1.721374585731889, -0.040108767900853402, 1.3100380873792321, 2.4341248675201967, 0.66410322658455689, -0.58464686951254985, -1.5951749309751198, -0.81082617428957382, 0.44667311744344945, 0.36693409390465315, -0.76455859211351496, -1.300427741836746, 0.53360838148385881, -1.1034271011623611, 0.54341520061160553, -0.72912026046676459, -0.92209857962533737, -0.29473723860317469, -1.4553848868250758, -1.6709697672839159, 0.79073074951409605, 0.83659495940166051, -0.22475489488930697, -1.8720998065194387, -1.2251735940471782, -0.89000500186676357, 0.36214394110443948, -0.58454340451425368, -0.42636192806558065, -0.38506151517098847, 0.79911703276854884, -0.34414985978468077, -0.74317934735524149, 0.49457481763002031, -0.51313866970737987, 0.48554792952238746, -1.6434739569173904, -0.78715300108287745, -0.18976829137279805, 1.3581449906748413, -0.74314467069313195, -0.12505423144808636, 1.8844588777459121, -0.062541653938769884, 0.47277442226878691, -0.66585663110072257, 0.87372182604392823, -0.63757369922177565, -0.32752960664930825, -1.1025673794566744, -0.89391807558091707, 0.010611264146305602, 0.98071458704835479, 0.68319081916098634, 2.4440247053190167, -0.12375880041005229, 0.70741870591874334, -1.1065228029021368, -0.76823686483094156, -0.97199529140413066, -0.23080781486738458, 0.26699490388336072, 0.06216917814348031, 0.61482875606995779, 1.7776136252376822, 2.1399264744314861, -1.0037875976276687, 2.4039173939831926, -0.51580301410666041, 0.39486608828031683, -1.5143717879611807, -0.8717975402826309, 0.28523726777840702, -0.067385036436415705, 0.40667981383812729, 1.5909055370602536, -1.6484955493163929, 0.27799174984011843, -0.70794020495781862, 0.74758071472456544, 1.2743880537657688, -0.98615126138792764, -0.60817379841326635, 2.5689749062347556, 0.63315886488975948, -0.4515212506830269, -0.12135856521393276, 0.034507934739410162, -0.15994635825210821, 1.3681751027707347, -2.0398422910078953, 1.1567149538595902, -1.2851206764769922, 1.102320084230779, 0.61563548044051997, 0.3993224998006934, 1.2735907562382451, -0.4303158605553713, 1.0710344895261423, -0.26123614955112101, 0.08080121885635512, -1.4246076169389321, -2.7959826033105721, -1.2296049512370471, -1.6322988083679666, -1.0663578131984666, -0.67246521440395857, -1.530050357299132, -0.39500427008584998, -1.5809061073848463, 1.0743149205802733, -1.3967665344905471, -0.78904547374673129, 1.4358473649249985, -1.5989723718763977, -0.74538715620716345, 0.24157460565671812, 0.37044661448124261, -0.95969723939174389, -1.9170802190517475, 0.027252517050151328, -0.36937393545613112, 0.131592032234326, 0.91753558131093782, -1.0565825692661617, 0.8900936637776149, 1.792201324056188, -0.48669569373652927, 1.31904752411496, 0.44288606324848917, 0.4651913637261319, -1.7888310228440434, -1.5675416511983467, 0.39070855818599004, 0.52015810325517653, -1.0493830770710018, -0.82688187993354634, 0.38753048497960735, 0.21210993595830091, -0.0067754781704280195, -0.93784566687165727, -1.9095341752726018, 0.11308680892017982, 0.27014801716160919, -1.3945555931434288, 0.47315584462629595, 0.13082273844475098, 0.25897042309845486, 1.0110633111862264, -0.54974321190343844, 1.0530120507820095, -1.1324119628906419, 1.0289994413176158, 0.31520730962957322, -0.90616145719114316, 0.049466070792110836, 0.79487708510860933, -0.49638431858652154, 0.028031417960474536, -0.6431342271539362, 0.38181913659459282, 0.51934531670997008, -0.059556087760076683, 0.42047031982896843, 1.0670871023850486, -0.47992668544096012, -1.7410903652916323, 0.82059886358423295, -2.9120600878584146, 1.0309934619390138, -0.97106946028321428, 0.29700352856131484, 0.49481669452941301, 0.44785693885076194, -0.77466177005112047, 0.081162605192754006, 1.8906839515593199, -0.85332679639118902, 1.1343047153396233, -0.27037810178522925, -1.2683673772839605, -0.84685435806986464, 1.9956276327468319, 0.23929216979112303, 0.80027852471067595, 0.25247347292210465, -1.1091097810299269, 0.22493518075511704, -1.271392164686284, 0.61586552780087644, -0.24143736120013223, -1.6801017420338489, 0.96898169595102368, 0.27646949198714643, 0.2524970983162117, 0.36292702910857383, -0.34707789186303856, -0.016837687331587373, 1.8657376989364709, 0.51449238519458063, -0.5046527293097246, 0.079623266467586495, -0.51601638399738725, -1.5714481428511442, -0.56515970033665519, -0.63128827569495205, -1.7507389729186686, 0.64124238835121561, 0.68809709280182219, 0.65066495466771324, -0.29148109594870925, -1.0989269403282391, -1.0360656880823385, -1.2938639635886668, -0.37588556708730575, -0.73148745704155027, 1.2849622828356744, -0.41231262252298789, 0.52395850422523083, -0.078721475758997128, 1.7130966306270601, -1.9032058994426835, 1.8248246145931828, 0.77014721759657256, 1.6295669260589021, -0.99097023859310518, 1.8226641249329969, 1.2274240796490055, -0.52492992999211585, -2.1529425023775146, -0.45285855998566599, 0.1465985583558348, 0.99594026312865713, 0.35221306300905375, -0.82687297708011109, -0.53316733586774423, -1.4529124749327487, -0.35317617462018414, -0.87929388425763022, -0.37521030899547897, -1.2578703279844829, -0.45268748423477112, -2.1674624395733728, 0.59262810439984259, -0.06088952117135208, 0.22322209030153153, -0.32189514170224209, 0.098194156693930168, 1.2054082217593234, 0.45764192784292362, -1.6564608411527075, 0.035661330700539937, 0.84052411648919034, 1.1854414192494287, 0.65047158532944682, 1.3692028318993339, -0.24960199311277026, -0.28215083105769923, 0.65988139224787734, 0.84372294871337061, -0.73681858752935203, 0.7304560096111179, -1.193975617051265, -1.3472902488417731, 1.8013739889980422, -1.4782480183466407, -1.4116863953513581, 1.1525404068501566, -0.23253486923731531, -0.090581817421678784, 0.49533692796229617, -0.010283888120804087, -0.014705942331793672, 0.58060492222886462, 2.4224740577167565, -0.23922391513992078, -0.7445205226980276, -2.0239103924882929, -0.10066659361515548, -1.0088997868191534, 1.6633192261554035, -0.022622742085451685, -0.69987334396192835, 1.3490085684483188, 0.034072395941223806, -0.72051989200440403, -1.7896285270778851, -0.73076638332982646, -0.24967475263930342, -0.50599520851098023, -0.63377464930129424, -1.3227663522360456, -0.21154151894408207, 0.96937010302224413, 0.020526634410012744, 1.3815012595427862, -1.1302873613066486, 2.9946274269369026, 0.64207784712392479, -0.36028165856613481, -0.87725825723647632, 1.1295949852612626, -1.1973110255811235, 1.3409184549693307, 0.33279326453924585, 0.25378859553795585, 0.58634319832326909, -0.2926810077837379, -0.83392188708767911, 0.29483945592619859, 0.60705595920979849, -0.51588486471674644, 0.29880437728514364, 0.20613828241084137, -0.27421686585235927, -0.9216982814743625, 0.39518476297943445, -0.60006804304078132, -0.94983872128212254, 0.090939235485258313, 2.0242173256784404, 0.72846589684141505, -1.5687054497031834, -1.7307258989360217, 0.59936263035939719, 1.2498248412086745, 1.6801654823485033, 2.2504581110772559, -0.66511800591837988, 1.0632552969957934, 1.0278424750313944, -0.64103683220735463, -0.30423818070495945, -0.001393189919871942, -0.46082610385529721, -0.82706393913315834, -0.21504992441352386, -0.91615555636695911, 0.066923482855391001, -1.8709878401758095, 0.12303615030145823, -1.5509792676361989, 1.111163929236298, -1.8074833297359585, -1.3035871847228253, 0.18133233899100423, -0.0015361478704070492, -0.42529023509153618, 0.094547696678654147, -0.12093480136082739, 0.96828800721237773, -0.77540492198983735, 0.019944515433299503, 0.26038948540163992, -0.81367425846844799, 0.48572139914152462, -0.5540271186992054, -1.2016559990053002, -0.16748657551783763, 1.5382894856108704, 2.0019953237049091, -1.4252152595233205, 0.51036539406150094, 1.3453381443824091, -0.47198724390283259, -1.5164779372707224, 0.66458843217207408, -1.8305357908477766, -0.6531269914466743, 0.52758707003017546, -0.082072715925885914, -0.80015767586048947, -1.2166175218063433, 2.2734954975698343, -1.5523317069732199, -1.4091342534445677, 0.39473661092962742, 0.55505131457355128, 0.82518724996153137, 0.44794532415030092, 0.47065700794260401, 0.28820819078176058, -0.89011288897184782, 0.25956427713018165, -0.11929272224928458, -1.1623773993606525, -1.4698259834825, 1.4753290479054175, -2.0030990154426953, 1.1393225268572238, -1.5309604791890976, -0.81134842415809738, 0.46128959793543278, -0.14669782828307595, 0.27067081522127789, -1.2703721174098046, -0.80581230303794771, 0.39423128225334808, 0.0060439541464010925, -0.016484643395928027, -0.13867230629158347, -0.042136247950807525, 1.1685367806999354, -2.1013600655529592, 0.46016577901277239, 0.64874976518733074, 0.78465064869156598, -0.081098024963859289, 0.13257473083803664, -0.98322465453285546, -0.79143727551617615, -0.043953382718885416, 0.49503934885857903, -1.8101500316966208, 0.027859262563230291, 0.88404549761918194, 0.4056598599571663, -1.3456585888550419, -0.091032451730485936, -0.8471543420562021, -1.5356937393114058, 0.43425332857955978, 1.2154665808368419, -0.27232626230339185, 0.39746790666199805, -0.80769205808658029, 0.5729323066494536, -0.067102579214292885, 0.029587783863391205, -0.54710039318617742, 0.59095368684527971, -0.99203327349862325, 0.56010611569898017, -1.1672158409658202, -0.65956734540570061, -1.1091628936801474, 0.45183286974162429, -0.72832907972013805, -0.12761998951856565, -1.2650686551894819, -0.87781668280051517, 0.46074809760313246, -0.72481174823648042, -0.010141583479454265, 0.89188610708185856, -2.387694281226509, 0.68260228305436321, 1.3809888007611257, -0.1321076104682152, 1.153223169558812, 1.4839076658476533, 0.44155899788811809, -0.34884281871701289, 0.027396677657273143, 1.8905898239535548, 0.04351559388556283, -0.45110756432639931, -1.3094001644008795, 2.0789956882873262, -0.05750506243726286, 1.032166388800946, 0.023361138108623229, 0.049158000039045309, 0.49061248673379976, -0.40914083865115353, -0.72797463251883032, -0.99956282236515193, 1.5935662950302407, 1.2900266688490767, -0.20137703078982117, -1.0343723050225913, -0.55117969108947551, 0.68696090312720892, 0.19593820171386483, -1.09629661975045, 0.97604819131802756, -0.70629844650099638, 0.75962133138800381, -1.0732038499535776, 0.54609423252462475, -0.73425753687225359, 0.55113105919112626, -1.3181695089337553, 0.69626206927767098, -0.23303334024413253, -1.3152056896007671, -0.21812184004983073, -0.45261937823290582, -0.26718198653062342, 1.172555470898262, 1.0971249445158433, -0.2911689448227493, -1.4507589060675954, 0.97573048954648756, -0.37953033953114274, 0.23554753791726321, -1.0842532133968033, 0.36231513435678619, -0.16737584725899823, -0.38596928668538505, -1.7937157184705528, -0.62444714405221546, 0.30788426384122569, 0.57132551812262511, -0.13907390555137167, 0.79818505204423174, 0.72715579004509734, 0.57114659476642482, 0.65815887492494862, 1.1969301227084788, 1.9015742594570459, -0.011026274330128543, -0.99752459538932015, 0.17172000534418244, 0.38544749491705949, 0.14435981706184628, 0.22994288386715681, 0.3940268735862314, -1.1574293458668601, 0.43600640383304584, -2.0216288050103084, 2.1077351156066642, -1.026559290664101, -0.27950915148131172, 0.074762931728061907, -0.12563478240679379, 0.095649663421959352, 1.3434204459095305, 1.3232395669583208, 0.69988299253583419, -0.20374769008846744, 1.3659179418313736, 2.5860404327006381, 0.64049744019739729, 1.0894638698408057, 1.548820106429823, 0.3354804300897089, -1.127171885732116, -0.013223643173431778, 1.0585597877084931, -1.5536273303587684, 0.93356193445889257, 1.8864608338101585, -1.1019585885885537, 0.18548735639618436, -0.95281905722038462, 0.88440381701048976, 0.16988423954357992, 0.78958062524444361, 1.147498363932882, 1.08564026094309, -0.40524219467346873, -1.7567761689445858, -0.57165515138026846, 0.097216102189969802, -0.591005021230948, -1.1653564576805218, 2.1654526135557384, 0.029827077932050725, 0.31028479160797517, -1.4411539674248188, 0.57782586724765739, -1.304117262008192, -0.39670359216703149, 1.2004506528133949, -2.8186609894036856, -0.12914900222908679, 0.023656755207628718, 0.61571415255958406, -0.26648948988032672, -0.28293344485066657, 0.72334787055070771, -1.931947702136114, 2.2689327591854664, 0.7529208959900977, 0.89273424405722102, -0.28187386495310929, -0.80401458579842466, -0.89929467601039415, -1.2798158674586253, 0.30144765085533443, 1.2643088457322018, 1.686563118755344, 2.4842225773365034, -0.25331881716074456, 1.7064189812076451, -0.19894053993945685, -0.38588880234699907, -0.56517685592534139, -0.40635357652051302, 0.11585118035690659, -2.0689113553783387, 0.66145045430262106, 0.38012393811765555, 1.4279384326770967, -0.9925200184572418, -1.163833557526192, -0.18559784447196562, -0.45881249394298823, 0.65297088019708938, -0.82703720302360029, 0.057508391645430826, 0.15391592997828604, -1.810254352340454, 1.5004502382388398, -0.04816167763045813, -0.017017837430300945, 0.087187054531156466, -0.42587199325342878, 0.45692409623229602, 0.83754049607794256, -1.3735292530503915, -0.26968124072152305, -1.4089295879698238, 0.5192225690230633, -1.106605060360689, 0.90506653214054855, 0.71973496916383084, 0.74236855456078477, -0.018234686856163716, -3.0535291905602877, -0.90218802138367116, -1.2351647252958171, 0.61309976507059849, -1.1096762096031829, 0.24119744400610227, -1.1449609605983249, -0.86759259138298417, -0.47937388109419515, -1.494710650171537, -0.45662262482701482, -0.74120752536719603, 0.35810819724459775, 2.449597549216175, -0.091426396043639099, -1.4646849757860103, -1.1209091601465775, 1.3733213448806836, -0.086182579003084819, -1.1279928999357713, -0.34152224279748916, -0.26641129377724854, -0.25616333328910351, 2.4756097519579887, 0.67425833573578309, -0.81436454576515571, 0.33887226385375618, 0.86613175403555132, -0.22229681231222181, -0.37486132153098606, 1.9796247830498985, 0.21576728869329628, 0.18018078147905087, 0.68124344769108913, 0.68311380570835756, -0.22162871451218244, -0.57078895513953809, 0.38877461761453602, -0.53545250291899471, 0.49882566121885591, -0.21322594973488229, 1.0446597001833604, 1.4466147091990658, -0.34578212728978319, 0.11046085266598453, -0.048832852141939304, 1.3908995106029447, -0.5214392725690864, -0.33313862734721228, 0.60464588279216525, -1.8932940839142864, -0.30985907713859612, -1.1093711598074691, 1.2671313607104235, 1.8500435972796552, -0.36410130697100851, -0.47562129447869839, -0.68847187397957499, -1.2628077633298265, -0.47136217640095412, -0.54310546626152545, -1.8210170084337169, -1.1363307567476399, 0.20873889376082355, 1.5639852843035018, -1.1504273909810445, -1.0002529488894989, -0.52074739742307585, 0.92257624969611129, 0.023837636448790542, 0.43334012500218549, -0.47825362747206762, 1.6783964347269029, 0.16897511654444378, 1.6768819523797671, 0.51393558862870581, -0.31048251905197904, -0.95741997370917398, -1.6253176016356936, 1.8038767391971711, -1.0732173928480975, -0.58570047987731599, -2.2735380055697143, 0.4347458854059798, -0.43996497563971976, -1.2870923322187731, 0.023189190877858448, 0.79179978724142763, -1.3971279767296301, -0.076922068058706952, -1.1764363115149759, 1.1321952454044801, 0.31371495921642389, 0.16677888169436914, 1.4166829621626602, -0.90344480186161025, -0.50414544225992641, -1.0219096434378434, -1.257428920131348, 0.15290418932572747, -0.088213029661330933, -0.17814881534165447, -0.37696973162440051, 0.9725866731882068, -0.4825994166855101, 0.70098092823376157, 0.099196734203775949, 0.54308029491537613, -0.71162697359943594, 0.53212495506490798, 0.0056211855038421207, 0.10479331867962444, -1.7277076386396804, 0.84448241199006568, -1.8775488644631628, 0.7807394084753646, -1.2838051479238188, -0.46918031141837457, 0.20857605002823093, -0.012891856431716208, 3.094644104352859, -2.015608375910857, 0.52743956184709129, -0.25406399772036314, 1.131263384581757, 0.44493906126299393, 0.045388250627357227, -0.62274272399712238, 0.93251580981659676, -2.0080307593383506, -0.76561508904417985, 0.37944395781495643, 0.77700258600211236, 0.30923602322431237, 1.3025818222025631, 0.60152421707694215, 0.052426727357186086, -1.2229927036421522, 0.046591786939207111, 0.86173816915462309, -1.0923546398704671, -0.53393355545242405, -0.60544875769481021, 0.92881604263722217, 1.7712855893406985, -0.73602198245523553, -0.45358295274035004, 0.41750351774643968, 1.3210665407689068, 0.25483024757916672, -0.1643103641024444, -1.8566948226014139, -0.88492360300717454, 0.9314973743430659, 0.3077913899329125, -0.080046884427547232, -1.5131130919774995, -2.267215940253021, 0.13165001723121819, -0.0091219098167068281, -0.56546073315626955, 0.67565581050744905, 0.14713068719067032, -0.96381144853626755, 0.92951348993746918, 0.33386615524435859, -0.60561026168167154, -0.65417228297479857, 1.8684646401323046, -0.97337193955426715, 0.90299323228789063, -1.0865649631939249, -0.19498509315193108, -0.44306738425053466, 1.4732703543488355, 1.8865300012400423, 1.3175220748199439, 1.4023736959634652, -0.30433799995788807, 0.23520290054286846, -0.16111524415760756, 0.3959189868594154, -1.7763435107824896, 1.1305186087301482, -0.88971001900050983, 0.85556469451393757, 0.22010252976244823, 2.0683981323402145, -0.93132834643888873, 0.95309384589234691, -0.37026449792433708, -0.61107535371837618, -0.37801207844017293, 1.3554973675518569, -0.40925767177584593, -1.5748295568945176, -1.4113944008256718, 0.3153595225891046, 0.37858393694383086, 0.30353256707386367, -2.3163645779457434, -1.1001059080428008, 0.003278722694147224, 1.0383021372083583, 0.28929671351874708, -0.51471524035170579, -0.1112199731074843, 0.25558253260712177, -0.55359640146703681, 1.6371320356387964, 0.27969880891771665, 0.47918569656568616, 0.68603210589875308, 0.76802632751612787, 1.0408681071743044, -0.89892703432237175, -0.41283021435084277, 0.42149867161236132, -1.8493603476278557, 0.5410486250296721, -0.29088859319727139, -1.8762388421850074, -0.30162059444594547, -0.64573311099996245, 1.8369135091667028, 0.35690698326225823, 2.7363897057033566, -0.98108381507424036, 3.223575642834442, 0.40349994943273171, 0.40155160986824251, -0.54028820860224258, -0.49466004012675574, -0.72660073358508415, -1.5101189049909258, -0.52470842694715414, -0.67058002721137322, -1.0466140217177569, -1.5191037911420211, -0.8043092624174214, 1.2323260541033083, 2.2609783229500748, 0.486604759236968, 1.1807653389061061, 0.49034840912301719, -1.793761105515405, 0.85810208094821294, -0.9299503503175961, 0.90403957611796915, -0.43201657710215358, 0.084568279137107474, -0.28836596305315204, -0.58803299731674208, -1.987648561401212, -0.52506980376659018, -0.97266678156149622, -0.25323180807035284, -0.27461581165974847, 0.83492743764761523, 0.0035272750180206946, 1.145929356818991, 1.6570779810605407, -0.23005966276321263, -0.81995247451711883, -0.23988282200005209, 0.21794723117623158, -0.52061525530417829, -1.6224970254118956, 0.68959886124075698, 1.3416628340783925, 2.0924271860879298, -0.54867017498413739, -0.81026906985897984, -1.4147185684221011, -0.67338077792726503, 0.89415890370060513, 1.0797395553027613, 0.61405876816239624, 0.32591980783509988, -0.76759119584901503, -0.18274782964971067, -0.13405010058241235, -0.27463850971899323, -0.70357657816855257, 0.65864520812844152, -1.8692201905492145, -1.7716878390152559, -0.0059677025321318196, -2.2675215768619168, -1.0305084080043501, 1.8246336913160732, -0.64548445096209384, -0.25637409748260537, -0.18221745250068003, 0.93017990909990722, -0.88039807820745086, -0.93526190538446985, 0.46741806074262038, -1.0466086479919974, -0.77707563704365601, 1.5664705901583584, -0.3771272560675939, 0.86416238326664452, 0.21829727950522648, 0.30596781334425632, -0.47417018830287089, 0.33634769142444043, 0.010586796830626121, 0.47986585095052603, -0.12449209556364513, -0.67887286666557067, 2.2288510880535712, -0.42444733697849968, -1.2425556849048744, -0.4797755300323594, -0.64247287947155973, 0.64280151829090681, -1.049005807797305, -0.23904670726491489, -0.68721051891648877, -1.285791176091452, -0.19189488738854013, 1.0067700666298105, 0.71695398154828704, -0.74521497157517469, 0.37197019681249194, -1.8287683556958341, -0.77756592315919082, -0.3752451012968645, -0.13011500641900747, -1.9929676391381828, 1.1315671456456413, 0.47884312673734813, 2.0169061135731625, -0.46886428227813837, -1.7614166882064868, 0.59584013028619975, 0.78175189992472549, 1.1758813362024878, 1.3243242971117126, 0.79081561250665589, -0.85437108438638354, 1.2964531512755768, 0.53345377153672013, 0.0061075341120060368, 0.10789794245770851, -0.87337379793486791, 0.26294473842941174, -0.34636759418072, -1.5161058153544296, 0.047070981169328951, -0.19494207563486221, 0.2927803628727379, -0.74862625106847558, -0.93565310997810358, 1.2535246801119695, 0.3519040071575093, 0.096038836700636426, -1.1802101824456788, -0.34982110500711855, 0.33512747445723695, 0.32708631584676101, -0.98889764172187278, 0.84576565147389349, -0.70426351096025308, 0.99868810335150793, -1.372038429340156, -0.36379344002315062, 0.034695006960726624, -1.2287833627833173, -0.84477850339128113, -0.1078311666569428, -0.08598814010765081, 0.2579042970839146, 0.043245330956393178, 1.4997643329402304, -0.34047663082690993, -0.49129334481249215, 0.56577773429016698, 0.61342632450771029, 1.0281185383836555, -0.035548209746547287, 0.97532970231528837, 0.18076354928508989, -0.56818774708894992, -1.362745677489466, -0.3789931900617648, -0.69303411628298983, -0.29973008155775838, 1.5390479905656131, 1.5968884212402699, 0.23670201389322965, -0.28467852135155075, 0.019853645881959869, -0.73027869186827865, -0.2491660590280107, 1.0539078345309585, 0.89231804848881713, 1.4106238322563718, -0.12405936617711182, -0.53133438730265337, 0.89987584813450305, -0.29125386490413241, -2.1041258979088266, -0.43597026281559714, 1.0806681922406447, -1.0862331987400422, 0.12943712644126035, -2.7008364796457371, 1.0010399664782175, -0.91992904367922723, 1.3036620635774629, 0.66594647442180233, 1.0493828285557125, -2.08766371495493, -2.0014186715650402, 0.16310155096657794, -0.26758653058724963, -2.1243522825097907, -0.94202810665774717, 0.41573851402124207, 0.19271660202811824, 0.0035479301954623138, -1.3748137241802332, 0.30086300299253449, 1.1505866004048557, -0.40868440463877248, -0.22920285944256513, -0.33595081119724812, -0.50456041212299552, -1.5113023854379282, 1.2696272385431144, 0.1543807915691992, 0.079387149717411079, -0.082465303674316176, -0.32692005198492602, -1.4633751529439225, -1.1312900711706129, -1.3046662096895476, -0.44353348147967026, -0.54219824592472743, 0.78691966515844403, -0.035048177117020456, 1.6799694604598041, 1.4639796504065328, 0.24155085882825075, 2.3408408917943131, 0.96444739741322771, -0.18208969504592876, 1.2752528614117455, -1.3111300231590441, 0.80005250862558541, -0.17607746099878788, -0.33792537578104825, -0.82333085892707714, -1.3706706501038797, -0.50469523795359383, 0.61351772691634276, 0.42565418847872627, -0.022019694742697351, 0.57907494583473673, -0.63661129658820736, -1.7177511656826725, 0.63694687941346717, -0.016683829991903754, 1.8469233021464242, 0.3887825970197919, 0.69055782756661088, -0.91209502159334499, -0.18011209493887187, -1.7054536638106099, -0.93463817058920196, -1.3623736504237627, 0.95804305745009055, 0.29299113672171517, 0.50653937534584692, -0.64433674256706497, -0.87146083852406653, 1.3269591050307694, -1.7295247718284843, 0.28426092917345103, 0.003904237104593616, -0.47153444852788967, -0.35007619956481273, -0.73632574215057289, 0.54546806988275709, -0.46535724497143011, -0.93788198144563006, -1.2020611526099769, 0.86797979903220923, 0.4834378819797272, 1.717009431648346, 0.30325800417715804, 0.18742069303870254, 0.58332766124085422, 0.16197400817633759, 0.052818584234781432, 0.88177309792595893, -0.18896455417681479, 0.8392889511944398, 0.27156758282191451, -3.0574193664378364, 1.1708484790407683, 2.2666321533874667, 2.1271237051703347, -1.9598227738336764, 0.84329942598679786, -0.46355906106670158, -0.37993984770019756, -0.68438681525531531, 0.39566442655844208, -0.64609976867967556, 1.7205820686250917, -0.77543163671726911, -0.92491636302182212, -1.5725814306459043, 0.1822197579070611, -1.2123247582540571, 0.62566483398622341, 0.25088636697297573, 0.13789254329594805, -0.1041093993050876, -0.019198262956432791, -0.92897986754256467, 1.3928283075793519, -0.022116618702476516, -1.5507423458719447, 0.35632295205894626, -1.6387922970957174, -1.2118393296539216, -0.12855833605981196, -0.57360461429394838, 0.42849253251115083, 0.056642972272724627, -0.25537939313545521, 0.10395256309509736, -1.1540173214707989, 0.61293345460254589, 0.16263589154605748, 0.86824450533694686, -0.14065693010733354, -1.6244261940236635, -0.15094345223142672, -1.7339312789751922, 1.0165491779730012, -4.090889525298107, 1.0147243493115687, -0.20579743313186755, 1.7212529685715978, 1.9212657770210502, -0.5702769042621878, -0.65567913416213197, -1.0032628044505303, 0.34179093347410888, -0.7179191435146256, -0.44669450029313917, -2.1661933408705552, 0.1483635510611663, -0.21125902037844135, 0.023073873564333519, 0.87996269794579263, 0.50229974760453067, 0.53052566793603262, -1.3928965742226727, 1.3981256238889221, 0.73231896381835648, -0.14036426019356668, -0.05406072770160858, -1.271847852972317, -0.78141936402524337, 0.6935674266719335, -0.27247428610804603, -0.31948913560588083, 1.18505116117016, -1.203773794559668, 0.93058899318546251, -0.45615765484553172, 0.83820382243868063, -0.36976232833815537, -0.072890525621246705, -1.201925914999266, -1.7350350561943995, -2.019219620612676, -0.69666220875643459, -0.39145663524579094, 0.81507261038298462, -0.25949573743201748, -1.63446342163395, 0.43658738008965015, -0.022806190891213381, 0.17792138458843229, -0.19448144372184201, -0.63492450273146239, -0.024746000665733896, -0.71601838719039823, -1.4083157732334024, 0.51009080126892969, 1.4878142046096998, 0.45875693645697668, 2.5138350734737496, 0.023173433376030086, 0.68296418525207281, -1.2079708377751828, -1.9183877081760208, -0.53808771430460833, 0.67431578273918125, -1.3440333554801744, 1.0386789105555128, 0.060876752725526548, -0.52761819476562655, 1.9390521954199249, 0.67967096721646381, 2.0684789340404826, -0.5375828324791404, 1.5140437246842156, -0.50406362421268491, -0.21773102270400402, -0.55182571201557551, 2.9230864348420647, -2.3685250905966839, 0.78807550111150582, -1.1593386452480419, -0.77943151914439901, -0.67953130722866262, -0.02433302977826059, -0.68437862885348455, 2.1127266202842181, 0.68878813833575336, 0.46117962085522796, 0.85407460106148891, 0.083515675027163103, 2.2007315914193208, -0.17522188274012523, 0.71721961283281688, 1.5137317744451964, 2.5847136968004656, 1.6165667157356978, -0.68745104146310598, 0.29153055249399218, 0.33480279155379933, 0.37243569300266705, -0.29897842966296406, 0.63595032803557794, 1.3273778933854841, -0.10462584328899392, -0.15371885903902532, -1.3927089361601042, 0.3063132028553272, 0.23298952026761618, -0.11411493646301747, 1.0865175675159748, 0.27959178892045472, -0.76158013670628644, -1.0671158049897433, -0.61098370261306156, -0.47191620428781716, 2.2586211339473885, -1.4703375630441788, 1.8770205621721576, 2.6684202657371636, 2.070160443784077, -0.67324557212162361, -1.3081544528184217, 2.6618627509195814, 0.027930697349373423, 0.96152507961146183, 0.17344051219630402, -1.6464021535153286, -0.52395323532914395, 1.0635803634838354, 0.47958576059288716, 0.1152550913786534, -0.36846429205725106, -0.3681091232987615, -0.12133675872667764, 0.52912646203406422, -0.71966358415998577, 1.8949190141954839, 0.59805132764029478, 0.98354736081074878, -2.2308674081237978, 0.26726166627915326, 0.26468890733550782, -0.16534168862819473, 0.32310053147556106, -0.79386070444122125, 1.8172479037474536, 2.4511160204346218, 0.14276318964569992, 1.3542418017620146, 0.45850810869845737, -0.27542110491793192, 1.3861580962416198, -0.23038093555956371, 0.4683808198935161, -0.76705154808745657, 1.5314468122808551, -0.0059962565465563706, 1.0048971067716632, 0.50293902872183205, -0.55466625104968215, -2.1126292270189229, -1.7600799742432478, 0.14321592496116578, 0.76887649535843383, -0.51401241619643734, 0.12871428342300317, -0.16300413468291311, 0.97305273411238091, -1.3842422429544339, 0.084142235439165713, -1.3757677060644788, -0.77449704771322414, 0.27090757502824386, -2.1690827209093553, -0.9200446521067146, -0.31819052728694303, 0.55697848407330663, -2.7175796334000286, 0.30959348702751815, -1.0830977971714748, 1.1831757779719165, 1.2431938815842751, 0.037197845249776006, -0.35594239521648185, -0.82945908073051744, -2.1180866739256499, -1.1008607242591417, -1.1914031774441625, 1.8963328482712916, 0.47049721717173454, -0.41152357975578507, -1.2712397139017118, -0.71208646403591758, -0.64032314900989273, -0.8874560990607826, -1.1093799980298731, 0.24584995975033516, -1.4515656073877667, -1.1368777466984439, 0.35532409833714917, 1.0942487942344308, 0.98941560726119593, -0.47826294699003358, -2.1592871654182764, -0.65170673513350785, 0.47931136642084271, 0.71076419608727026, 1.3328426817035024, 0.27174738688197708, -1.4815144011433365, 0.099560809589967519, -0.84666581886546888, 0.28136788814696267, -1.9884154016653997, 0.83435297030995914, -0.98280551305717223, 2.6314480846972739, 0.13673452253389226, -0.011668909078718027, -0.84714171470297439, -1.3914676923724802, -0.088586217841692447, -0.019334975864519256, 0.067307259011799139, 0.32288263828901481, 0.79504707960032095, -1.0185532522244334, 0.75004984183158929, -1.1886672559422564, -0.43744553408332154, -1.59763232824864, -0.69092320066564372, 0.5532016204155018, 0.71082504427169813, -0.70103289834702642, -0.051989567491698467, 0.98394488498748722, 0.35099230654678509, 0.53384840980601833, -0.097720265871601625, -0.7775473133990819, -0.016339458223740902, -1.7655600297169132, 0.21541263393749616, 0.15624135745487611, -0.73024059046023826, -0.36427626772276034, -0.23709004914206533, 0.28253526955773883, -0.16405860483718443, 1.9473238750604462, -1.4510133606592495, -1.7996538491696767, 0.26610514189786966, 0.026042745879572154, 1.6122843404407396, 1.2900842382036102, -0.3509667779498914, 1.3178663573148364, -1.054230866291797, 2.1051584476407905, -1.3945877732226506, -0.59402269476670999, -1.5567582677675698, -1.6201694548427792, 0.4836280136460292, 0.47584125200223493, 1.0803445795338931, -1.1135935327931763, 1.4018998432998864, -0.47579677182725721, -1.4626764370037606, 0.61367601309612474, 0.094461204369063467, 0.34849910682911739, 0.5273486163904938, 0.55961981183908738, -0.16265018400381936, 0.36138153437674747, 0.40825214552808248, -0.098413382429412319, 0.28365436828913554, 0.16545167919787704, -0.49616683927741795, -0.11470253900071811, -0.99376274345036097, -0.73596507807632372, -0.26629070954473733, 0.45424287420643805, -0.074041864923448331, -1.6713901379099096, -0.41786482053559321, -1.2854174619347554, -0.32711204718472975, 2.0066217426456565, -0.6258720958602112, -0.51911038616345806, 0.16372058594031189, -0.19768215247348173, -1.4362359571190224]</Parameters>
			</FullConnection>
			<FullConnection class="pybrain.structure.connections.full.FullConnection" name="FullConnection-5">
				<inmod val="SigmoidLayer-15"/>
				<outmod val="LinearLayer-14"/>
				<Parameters>[-0.19941515266513854, -0.20726249312431003, -1.4233175121835837, -0.53087576040661788, 0.53063777016563873, 0.26800928568909876, 0.062742893540791378, -0.37784020921328598, -0.88516556284096859, 1.0208931784101998, 1.6367399163312384, 0.0041938799727476187, -0.016918935330471355, 0.39929708663407071, 0.93692652991126812, 0.83795757742209886, -0.074271865690511918, -0.85438760050191997, -0.29798555526834164, 0.042813966419315126, 0.048160005994890072, -1.4848962454696437, 0.59425634034374408, 0.46477199879263376, -0.64928118267091861, -0.38244583275033261, 0.62336301854021103, 0.63104807981944189, 0.47701231776227315, 0.55898765738991518, -0.10569702903525054, 0.0073745826063456154, 0.3684849519665635, -0.61979749107065374, -0.70811143428696244, -1.5360359676356228, 0.17126538069987396, -1.1977246587553925, 0.0863894892577068, 0.38109834294822331, -0.2797373948570902, 0.12073791990666088, 0.58288724117847523, 0.48160995334996831, 0.049472018824830273, 1.3985509909929517, 0.63642964957055437, -0.10575071250486408, -0.60336961143894663, -1.1971944666030474, -1.2361405828843886, 0.19230651961489675, -0.71951942445606654, 0.26169924003493134, 1.5399103903329348, -0.33114310771435995, -0.37851402642602378, 0.8948696607680986, 0.20747967953142385, -0.38299938832619695, -0.1698953909682043, -0.45864584397407288, 1.8345601547429176, -0.64819025556686483, 0.77734504661759896, -1.1695482089028582, 0.90219367549772012, -0.68125276305303228, 0.01691542997070478, 0.90708871052389284]</Parameters>
			</FullConnection>
		</Connections>
	</Network>
</PyBrain>
