<?xml version="1.0" ?>
<PyBrain>
	<Network class="pybrain.structure.networks.feedforward.FeedForwardNetwork" name="FeedForwardNetwork-13">
		<name val="'FeedForwardNetwork-13'"/>
		<Modules>
			<LinearLayer class="pybrain.structure.modules.linearlayer.LinearLayer" inmodule="True" name="LinearLayer-10">
				<dim val="69"/>
			</LinearLayer>
			<LinearLayer class="pybrain.structure.modules.linearlayer.LinearLayer" name="LinearLayer-16" outmodule="True">
				<dim val="5"/>
			</LinearLayer>
			<SigmoidLayer class="pybrain.structure.modules.sigmoidlayer.SigmoidLayer" name="SigmoidLayer-17">
				<dim val="37"/>
			</SigmoidLayer>
		</Modules>
		<Connections>
			<FullConnection class="pybrain.structure.connections.full.FullConnection" name="FullConnection-12">
				<inmod val="LinearLayer-10"/>
				<outmod val="SigmoidLayer-17"/>
				<Parameters>[-0.55684120688067118, -0.10008555927325227, -1.3201332862518189, -0.1156135665080695, 1.1666875942527761, 0.30633690193441232, -1.0238016230082501, 0.18224517240176827, 0.14724999952351311, -0.73168509624468492, -0.46835772441114337, -0.47963207494779447, -1.1119373917864719, -0.42862845412974077, 0.011925323077128677, 0.46362985259642575, -0.27354862988448181, -0.73842021951492276, -0.82691064604434572, -0.11080652846890787, -0.32265140257167257, -0.33880835273591042, 1.2017337052421111, 2.0292136562485066, 0.2145487347597976, 0.44722136436998761, 0.16823697516924441, -0.059252076868424527, -0.4715287775582368, -0.80615942062109924, -0.22863789139256488, 0.21523280376042012, -0.34962402626854561, 1.0370330184200882, -1.1087070030154458, -1.1653739165850105, 0.78633722247847859, 0.55551053234851056, -1.0536036075257524, 0.68114896334160058, -1.7521692992577755, -0.54708326407123142, -0.081123225583679667, 0.015464032252949933, -0.81219979665464881, -0.47738775490910718, -0.21342015707510426, 0.90192616877767795, 1.0047456147791638, 0.55216466361446315, -0.46773320038330679, 1.4328720186347628, -0.12204190789513868, -0.61382922383998595, 0.86536317118564243, -0.025886066994420774, -0.93095269403515157, 1.360449746576635, 0.2214458844600678, -0.69001280535473564, 0.053957873302827662, -0.2348400578342299, -0.43242016116235399, -1.7182103579146002, 0.65181244235444913, -0.080066667074323056, 0.39523821433022099, -0.90950997509151632, -0.014668990203177176, -1.6069160304984649, 1.3421250259200936, 0.45616704600735525, -1.1832582360527659, 1.0517446331137839, 1.1348299924681988, 1.0698912537019454, -1.4037792641995861, -1.4193960476007255, 0.19391235074900337, 0.9884112414485603, -0.50576214520188678, 0.13899790257445147, 1.0654260710005516, -0.18257872352815377, -0.42837835636689947, 1.9978819931168337, 1.1646804233507, 1.8706816496382213, -1.2657275099356975, -1.1862920747769532, -0.13248777959581209, 0.75023497718979193, 0.56707319317405291, 0.52536478961622524, 0.66721210877012527, -0.55741536151254945, -0.21001635732203125, 0.58319637081128128, 0.98683312765174247, 1.0047490608365868, -1.6680664505854816, 0.20454774303295109, 0.012996389551763203, 1.1291190159741704, -0.057534640161052225, -1.0682189243429649, 1.2033067373086948, 1.1490775217373657, -0.52509622244233278, -0.48432248865785782, 1.0171188903699848, -1.1065239476861324, 0.056261694286144928, -0.30138956802287314, -0.3823978837101118, 0.81595755666662062, -2.1986297192511506, -0.5765269040095059, -0.31089621106141935, -1.6127175961838092, 1.0041317375256336, 0.0082403129114241996, 0.67321714654586873, -1.0186142341886273, 0.33213618655119709, -0.91850675393743819, 0.57211954348333827, -0.89085659887973168, 0.15378515382491495, -0.39444074666722961, 0.52456742480040353, -0.46935331474426889, 0.23037723061628523, -0.06822794921748225, 1.6244395159949878, 1.8065083380068767, -1.6835881199680311, 1.3983149111859066, -0.48528633506570401, -0.020836921201614664, -1.5647004462447622, -0.66603070780034057, 0.26248881601904017, -0.33163131284754738, -1.5350079151283829, 0.76552679258890466, 1.1313254067717979, 1.2068555116904585, -1.2192330888507672, 1.2530642853879883, -1.1453468163896392, 0.50872777783701706, 0.25461788716947048, -0.39992444935420135, 0.52587676343858636, 0.67303120844286812, 0.41773979999733646, -2.0617784277956166, 0.41953246028593816, -2.0896827653051542, 0.025737484122215982, -0.31352584810163653, -0.24410900497302054, -0.93957347950060022, -1.5181680140851652, 1.0077545870557219, 1.2117036113134136, 1.1076849685346368, -0.58190272864968318, 0.31132933693260906, -0.07998683578012783, -1.6698636549851464, 1.0191447842010832, -0.44195028767436423, 1.128773940903367, -0.030433417233752428, -1.6540650114678526, -1.6887124492972516, -0.088297344043944112, -1.0404420816605047, -0.60812880309921868, -1.3516404417724706, -0.65094803178679816, -0.47764067395745957, -0.36445790439725623, -0.50911818603063597, -0.94946916907045797, 0.17126400989494039, -0.48775455301103254, 0.97229599440302794, -1.4348921453403944, -0.67873584584788915, -0.041512587085330024, 0.61575100381748016, -0.47916796294745617, -0.56275761673417546, -0.093317529709767075, -1.6545076062825235, 1.2981971716184015, -1.1656842345098337, -0.26152350447393474, -0.19990187592776426, 0.66114539761522817, 1.2108816301415162, 0.19422803130029515, 0.27305891841100843, -0.93252441113869944, 1.01341180814984, -1.4928707297220296, 0.81375030610208565, -0.68468649742498744, 0.087122352456755661, 0.43865112874185719, 0.90906928566710865, -0.061819298712268538, 1.2682576461320965, -1.3729172515787038, 0.52256509988618061, -0.4196920672456031, 0.39992297790319803, -0.29192201944943746, -0.64545093273016374, -2.160311705571011, 0.19540291274713156, -0.70972340838201886, -0.036223545681124833, -1.4151815836431887, 0.52189798649155072, 0.68861693614101815, 1.226466656537599, -1.3377563388901414, 1.5987535764667169, -1.9819281394546118, -0.33106259388226084, 1.425513510249695, 0.37573987998468183, 1.0634515950692691, 0.30658388859436964, 0.57070440227360764, 1.3148419741625161, -1.0119425329088867, 0.62715041476908173, 0.26723732014929497, -1.3116707783550077, 1.4033224570333271, -1.3507729637720727, 0.66113415147330523, 1.6295517447074817, -1.6208300435030012, 0.55783996290763671, 1.169864645721199, -0.64788918053568323, 0.68015703823346285, -0.53612569224149209, -0.10661501197201746, -0.38533592232483999, 0.79037101620681582, 0.06865069085152431, 0.0194404193440646, -0.008582406244644878, 0.60335927716153182, 0.16409618501629861, -0.10972448958495244, 0.69367456395468863, -1.8290808096978695, 0.3898035290722448, 1.0408982480932858, 0.34209647835764251, 1.4593863439623653, 0.58024475021347821, -1.1725739961380275, -0.0096995518203668845, 0.69157901822334611, -0.78946930025524098, -0.23017696671486218, 1.6059332472449235, 3.3059280322315705, -1.126182692041674, -0.59479762081155529, 0.47760078638423903, 1.3608025871618807, -0.9301397789566247, -0.36891844198687268, 0.35588310046153471, 1.4682277763126323, 1.7738915124027854, -0.093435947590549101, 1.4871972396065865, -0.097198231610124725, 0.86546291458822477, 2.9172371038438274, 0.44439794244989755, 0.50416025814539511, 0.010322546673560591, -2.1347494642155631, 0.65439080736793109, 0.40398788760873078, 0.74856979999578532, 0.64466031829378867, -0.011673233587165686, -0.10288266113044026, -0.75750921565129947, 0.34128669998671873, 0.38018280513680847, -0.37058113066648335, 2.3289528666656132, 0.26667073817703563, 0.070957929406490136, 0.78107773404345326, -1.3228315461899176, -0.12191785288949351, -0.3713721666422885, 0.31341463562685029, -0.017700785182751821, 1.3386867433230445, 0.84464995985740421, 0.78532050448215707, 0.72137501320119324, 0.79089777869310895, -0.20251098401703588, 1.2346561591808918, 1.3796195014123234, 0.32769775647659138, -0.44831869176919614, 0.14254582476727176, -0.075982981060640761, -1.586943029204825, -0.019707248453088869, 1.2346103236474948, 2.0191331906608623, -1.457117288496792, 0.34656119816318337, 0.73043969697247557, 0.52343894808653213, -1.233643018806261, -1.5556849936982824, 1.0772185529579466, 1.1606561492014351, 0.73357763520119623, -1.0096823271470989, 0.81563487499937537, 0.24583233332164811, -0.40910609849617557, 0.37975358462598252, -0.463309916486844, -1.1168412439490525, -0.45571975863950392, 1.4967134775489719, 1.6866758070579444, -0.25728197195169, 0.82294883642661409, -0.10667844425251667, 0.18059216324021668, 0.2287199751468495, 0.22311493060365062, 0.091074961675650046, 0.30502433082600772, 1.0516625686726178, 3.0931416243122207, 0.58127901462563014, 0.21872335355956643, -0.79712892623867559, -0.0067570307156201376, -1.9332416368459546, 0.56096390531064855, -1.3716337056957133, 0.18775154429687874, 0.78571264777694583, -1.7999612543617283, -1.7447517681906035, -0.0012309536174264525, -0.5325588596244798, -0.043925724005223099, -0.80073462367682269, -1.3225938109956799, 0.9623318554065492, -0.4551912803089887, 1.4307325381745633, -1.0024694682689785, -0.15609488065143209, 0.61254624299590543, -0.36133780131586529, -1.1686386380433205, -0.23254853730039537, 1.1393473545301935, 0.84076086716125609, -0.33040801573124123, -0.63250155037340594, 0.36268068058657021, 1.079727102110505, -0.5915021713553954, -0.76313728094285005, 0.081563296280081118, 1.3764219269250142, -1.1010028521926591, 1.6325645321140068, -0.22388760049091347, 1.1319103103986043, -0.99647358801067787, -1.1411885320819986, 1.7940301430736179, -1.4402073849966361, 0.30431806790757265, -0.26283013312475029, -0.7102579278595984, 1.2508208508343952, -1.2496724059026827, -1.1260567481512131, 0.77238959102738725, -2.2703312987400719, -1.593397867082023, 1.5250112417137742, 1.1086354292807574, 0.20063436461429077, -1.2801334417866561, 0.17415590499967393, 2.0513316445178686, -0.116894029499912, -1.3147577804660726, -1.3379541972824791, 0.6066832185853831, 1.5880922490269187, -0.35872042545683397, -1.1910357447477331, -1.1437034780599233, -0.7231778073048255, 0.37860543841305211, 0.28934868911271855, 0.73850168022856966, -1.5119832680157392, -0.61651528825521229, 0.68997869238050757, 1.1560263362421603, -0.88621535304640631, -0.85533361997605739, -0.45128977397672643, 0.26103489929741697, 2.1538316779415747, 0.088554101357919718, 1.4339058090767691, -0.50371667490731942, 1.3849345715572889, -1.8669039892482828, 0.79806897941289856, 0.85464462382046069, 0.72582578839703027, 0.84185388486308155, -0.051690452270350448, -1.4834058352130988, -0.47878554245626287, -3.4598778878899941, -1.0580535880061679, -0.19197736062743159, 1.3386204271652269, -1.3178586298927564, -0.37378971199744032, -0.15493322561321771, 0.99169816164019153, -0.84829016485822029, -1.6519775687734455, 1.0329798983279297, 0.61340907290756685, 0.80223050496945103, 0.99045792082500095, 0.24736804347091096, -1.1762173022433915, -1.4531050404788886, 0.069017960926913119, -0.61296784077291044, -0.16228555735435971, -0.31956127429319447, 1.080929164685712, 0.39870949294570929, -2.4791283195032405, -0.08855444163196996, 1.3346922493705315, -1.0162347988342812, -2.0125445516002847, 0.8751778452872786, 2.151070045617427, 1.6924478134220593, -0.79968436008084465, 0.2632603199828461, 0.89288282343005831, 0.77755991588324935, 0.1193067526610164, -0.2461990529218302, 0.68615627106975186, -0.025644772324356697, 0.75223296784407068, -0.2110280317962015, 0.81465323754845587, -0.40595146152984951, 0.58609447010908999, 0.3533813276397148, 0.68928413290547996, -0.36623842161691961, 0.27809624011308093, -0.055004602735723565, -1.4527445012592208, -0.87877680812272585, 0.84395244299097261, -0.72885368440051124, 1.5721513815957358, 0.3788969054710693, -0.11054436883930581, 0.94755921469121451, 1.5531534301796608, 0.29777446172553251, 0.45508998053611216, 0.086349431778018224, 0.7663810916573387, 0.70762225456883765, -1.763561295630228, 1.7922613836022798, -0.74791006475420929, 0.60253034996185961, 0.0018511041418598671, -0.058788573916885176, -0.036280030627064509, 1.05415260817097, -1.2292483801827727, -2.0778258429069774, 1.9750920301574184, -0.24873616330871209, 1.2868844662328913, -0.41741487331204657, 0.66049364949241529, -1.1881821522570908, -1.1832692868708221, 0.56975340773444871, 0.54837001711073841, -0.92342916866805524, -0.50743725787571903, -0.48512675875424982, -0.95593309767481216, 1.2420662715872073, 0.6383071513464329, -2.1434839272049069, -0.30589807376328054, -0.81536915008480715, -1.9367220318073997, 0.67484182574390561, -1.0705699319768669, 0.74920443145305682, -0.11549876600045836, -0.44331216674554491, 0.59369053814655537, -0.1919968532904045, -0.69805347973419973, 0.57661919812507978, -0.26617589572319078, -1.1440033313714961, 0.64349075524724719, 0.72345921610774488, -0.18863920083683131, -1.4971033325753571, -1.2809378888194298, 0.32956662957739385, -0.66004954811572492, 0.78251841021846846, 1.0022289697075981, -0.5348607716816165, -0.21324815190343002, 0.29424091813135894, 0.17683105782110681, 0.13607397097398355, 1.1137952466479168, -0.97225502187200252, -1.5363564061090651, -1.2571922168031275, -1.9376594893183909, 0.019674274230677392, 0.48504837529917144, 0.78613744765556148, -1.0249546266485103, -0.91931446047684751, 0.17881571934070017, -1.0779260529068042, 0.66973501904049593, -1.3424163665613758, -1.844638956702733, -0.26342103348779167, -0.28216606409049338, -0.17407074692776095, 0.71077538786603101, 0.82160814149568961, 1.4952325144180514, -1.213350183007063, 0.21767074761853189, 0.9691698558304761, -0.090041849204533536, -2.0366417484938442, 2.5024839030498338, -0.94584954246923103, -1.1178841119786957, -0.58212441606718446, 0.5945655485598963, 2.3422339677220196, 0.058301538639665897, 2.2033330028745652, 1.7840614043896017, 0.13262326724477849, 0.38474424020816256, 0.64848370179869008, 1.37798027702723, -0.3867911908124993, 0.97766953978134263, 0.13574886302402303, 0.24342188459538877, 0.55102841550112458, 0.63594399897676812, 0.41842050806339665, -0.57053889488137022, -1.5647365413939869, 0.88054489532266889, -0.084636260900927698, -1.0668656994585624, 2.1095450014724086, 0.99283335710184439, 1.5021699316925035, 0.13426009185075902, -0.29169635609563915, -0.12268185737609905, -0.44764616994533535, 0.48848591331564989, 1.4014274348020668, -0.33315824173318009, -1.5535580907394613, 0.0053044676369146749, 0.5797710937009205, 0.61023079338079755, -0.82162535635342893, 0.083448212051370999, -0.41843541136629725, 1.2164173625302288, 1.0245211334457438, -0.23042876886696023, 0.32230418150824097, -0.63322361180763753, 0.25911547480262909, -0.26993263857300615, 0.95983426123318649, -0.66529529375635887, 1.3587850899235749, -2.5770996487585216, 0.096346785321785408, 0.034724032710585502, -0.57615598433019299, 0.68911234200992466, 1.4733136041889288, 1.6913101021219938, 0.67399099593988854, 0.25576243065838483, -0.31381719140861031, 0.4144209749225759, -1.5712636833897689, -0.53674310380088175, 0.59888807051704707, 0.49218114298898263, 0.10952230422247733, 0.84182308701439201, 2.6693920122459218, 0.79340025210917731, 1.2010173765612897, -0.30750522828816085, 0.30920435549108399, 0.17701819155618087, -0.89918751615949621, 1.2993327434698687, -0.020311436407291165, 0.93379583577550551, -1.2370068847630851, -1.0200263033493895, 0.41357192423725408, 0.6751444246224606, -1.085635369768466, 0.57510491729783775, 0.65729226022596987, 0.87907136611043035, 2.5026770155178255, 0.51302069216282886, 2.0148477515136971, 1.128440947023656, -0.097170961934663, -1.5100948572516242, -0.73159771055467882, -0.46698314531732221, 1.0858902315614802, 0.97851641836549441, 1.0146873995075183, -0.50897562126531426, -0.13678670217715827, 0.50099144655611383, 1.1150472929028645, 0.38649010937167749, 0.27941187704776588, 0.50993543043304901, -0.72244510712976595, 1.6692483667789182, 0.28054003271072997, -0.51389328858881522, -0.10007340437133298, -0.55919858233729225, 0.87353420986851837, -0.24692590134166473, -0.70990921989390721, -0.52466327339030161, -0.978479153329189, 0.56907157892406979, 1.1301834694745541, 1.5022492484156669, 0.66774559164979763, 0.81730419285476852, -0.13823754635954619, 0.57125710093409676, 1.1913861043701259, -0.26323767944653398, 1.7251559502408755, -0.024775520648543294, 0.22139975552554131, 0.56941985571852471, -0.16501550077342816, 0.16285159925121526, -1.4538182286062173, -0.95764883896678221, -0.73347321358698425, 0.099666719240224147, 1.7608680811817721, 0.4120888705064405, -0.19782662391261349, 0.013422998340987986, 0.95378415317883203, 0.55371911244602934, 1.3202213161356455, -0.24817987343999326, 1.7298722685960728, -0.68164051940957759, -1.2472758097163827, -1.3435094236125509, -0.19455894905528498, -0.21010114158461971, 0.44128586814745024, 2.1296918297389817, -0.62047109514266197, -1.3174079109710817, -1.9538877960250662, -2.694964863878329, 0.011157328955680418, -0.04584997084763015, -0.22239936866166662, -0.098481711297423336, 0.58198801442946257, 0.5200261166661504, -0.8816895058061045, -0.60468629151103559, 0.34315649465152681, 0.35421265416696202, 1.1061718698009988, 0.0075659675572363394, 0.47858670478462184, 0.1688747747774709, -1.1124144532037266, -0.30156943306051598, -0.94391600561643652, 0.46623467501544602, 0.032449720479952752, 0.13959930511846277, 1.0100425774283204, -0.26014515206162542, -0.39233293577856759, -0.36893987065733908, 0.81835571288903941, -0.85107099583265244, -0.55201590657370225, -0.6983491186412798, 1.2152534299318019, -1.0489518004945804, 0.90686019555037456, -0.42267769797876609, -0.94859344865647421, -1.1764878991140264, -0.58455844741915719, -0.14292303466547762, -1.1132239617486386, -1.9334962842019114, 0.34477341394443867, 1.3837266353840663, -1.3347427046429252, -1.1897378865968802, -1.277449863828916, 1.450224913984185, 1.4077617587432933, -0.12396872241457824, 2.0321905505845432, 0.78840104654570486, 1.558553365035755, -0.18606955355975929, -0.70998526213076196, -2.5031362005526567, 0.043701499851103269, 0.30474149617075186, -2.4990306372436604, -0.68779751987971671, 1.0535331490675464, -0.60486738430352183, 1.7222526237315299, -0.27567836715250282, -1.1692017748564549, 2.191989084154879, -0.13515172057211394, -0.18098526389535693, -0.93483147156316793, 0.20780355525033109, 0.11180952789822794, 1.1885187881022174, 0.48531509659336558, -0.84261898695119108, 0.045108251871742798, 0.23405633037773138, -0.4996124741960567, 0.53400145121864551, -1.3904367981223535, -0.17225502740143614, 0.84949537486902327, -0.4100994901802299, 2.4496367710114364, 0.0078639537155641339, -1.4179799651129108, -1.4948330155946994, -0.33555418606710896, -0.46579603867647051, 0.13254612999822446, 0.16149140943964815, 0.33339129117747046, 0.93554108778510026, -1.437494478200446, 1.0322425673863449, 0.81256829389483864, -0.32199607831246457, -0.16317920380552456, 1.484806091752628, -0.93471009818343131, 2.432924286627534, 0.36591367501031341, -0.013187510762073393, -0.8248299347267255, -1.0820030108825203, -0.27200130601057565, 0.32120527950913302, -0.34075696921936488, -1.1454770564301135, -1.2640257477352479, 1.2690251508323285, -1.1919415557107078, 0.44296193606383494, 0.34268758643633435, 0.4873786468129333, -0.093701040346450465, -1.0195450927362091, 0.49855835999700909, 0.77753822909828285, 1.1194204025685603, -0.033149600083124807, -0.95427870148138594, 0.85408957049700307, 0.96421300348870165, -0.28152647652463708, -0.20240219036940466, 0.93870235312393691, -0.98702976781288521, -0.96005585919952086, 1.4736294342060736, 0.56121298238147865, 0.50645725919011797, -0.74293821348307043, 0.35614572485249102, 0.94149098443286383, -0.63736537721204145, 0.74805885910262959, 0.47215106654969291, 0.9782446747746214, 1.5231826178636292, 0.77426605469137777, -0.49072675173475638, 0.13881287668228307, -1.3552542080459906, 0.13526023429324413, 0.10322384820756526, -0.7359710141561101, 1.44438227968655, -1.0415849678803584, 0.0013321504394988044, 0.86858196480179051, 0.50027110862127344, 1.8048672969990427, 0.4239475700025882, 0.047393179584237763, -1.6551397651843298, -0.38327440617030534, 0.31535854389199569, -0.31834484328374912, -1.689375735931284, -0.47575914027203825, 0.45747360042787605, 1.0516564412733318, -0.74958642950381282, 0.46671628656170666, -2.5022673840557332, -0.73799576169453418, 0.87001168160914044, -0.82071506553075768, -1.2443285854830104, -0.086436038022518494, -1.0052681722539938, 0.11771414779563132, -0.65507773902169497, 0.12272011619296082, 0.71500631293317929, 1.3241090210132809, -0.41496563435110478, 0.60173181825313748, -0.077032806360108966, 0.030834375159304112, 0.63490743891879609, -0.29665553782784382, 0.48796325096971011, 0.17546780298583203, -1.0784478704965601, 0.68649366474657303, 0.042278032865932194, -0.15473894990795453, 0.55436777093169676, 1.2057219458460287, -2.3995820647775168, -0.054573040053782752, 0.99890298667001198, -0.12102925184090775, -0.42324138957427332, -1.6151118982041401, 1.0308647986613348, 0.58605553231056917, 0.65021355071998244, -0.80861495619526524, -1.3795932944273817, 0.99759506030534784, -1.3293838493769889, 0.75129088406856492, -0.70476456892983652, -1.9084462511532889, -0.64657836514379108, -1.617235350647594, 0.1650881353652964, 0.79103501905723816, -0.053746652932946629, 0.2158451047750817, -0.49412464751001678, -0.8415347956653314, 1.4537002444298692, -0.1985067622880394, 1.1868492733205496, -1.0150798393909548, -1.4065173708846386, 1.2096769269085967, -0.24815596190423458, 0.16558220155977915, -0.45144073104649179, -0.022214031773727876, 0.68951860979226065, 1.6412013949838815, 1.2621508740513894, 0.048990277838520203, -0.19061161531749529, 1.1319334382918824, 0.013904095261037388, -1.3998080235645958, -1.134969187863623, -0.5058941910143967, -1.3884044777164122, -0.31857084062056695, 0.70875837890144611, -1.3466961048217265, 0.68821725175366621, -1.2586728004421346, -1.5717535948387478, 1.0443055282904825, 0.21132996703049944, 1.3108303583908205, -0.58405425886636231, -0.16797384921794367, 0.36722865123309473, -0.64488113808393588, 0.35588921718050981, -0.033407677555653457, 0.08436226523484612, 0.08238793003832906, -0.9309842313547555, -2.4559029418325236, 0.49796381214389268, 1.011988435518935, 1.5089472392985177, 0.80116680354792602, -1.517015254756944, -0.44405877997996179, 1.8028659277754204, 0.68843585731767964, 0.89315527666917294, -0.97009946250512036, -0.1696270285530467, 0.61526987974530312, -0.40595845349612764, -0.24446856670622866, -0.85692251209505932, 0.026057392740791666, 1.433295310572428, 0.40055533323664411, -0.64176769603247463, 0.43576718332182429, 0.18075354660041817, 1.2410686764201964, 1.0963165853887598, 0.023974302382540672, -0.23828581874898397, 1.0620256731341366, -2.6225300052691609, 1.5126130537479561, -0.11244701427322139, 1.3131284332358124, -0.54582978319946251, -0.85417277917243373, -0.58596686769325101, 1.078346744423367, 1.1035304887203385, 0.83354253778537468, 0.33978599879046206, 0.29088642155833472, -0.25486045920080574, -1.3300637485346107, -0.52254491575459638, 0.29280343649851898, 0.9186606149052865, -0.91839851348392887, -0.730486101099456, 0.079011716050632314, -0.85477702032458103, -1.942741566510251, 0.53871342792853261, 0.41921496163722544, 0.51774895946301802, 1.030743080377224, 0.25586033967936794, 1.3597909483255544, 0.78772014753899888, -0.1475496169238234, 0.5839407847457484, 0.022252384234672282, -0.45704179770604669, -0.56206301509994316, -3.3664574081460321, -0.6867144479388817, -0.64177959616265656, -0.43298026033078579, 0.40496301158401482, 1.0004004782458504, 0.087912611051619544, 0.69463973511185062, 1.1515126279890444, 0.35685087271936033, 1.050859528297865, -0.21318352008413519, 0.26673332999211569, 0.31928415864472537, -1.5442207538917772, -0.54246617092995142, 0.15819121019805529, 0.77347671610484214, 0.21483475145230715, 1.261972204891741, -0.050724913423932427, -0.35583619505222852, 2.744262021472001, -0.35476967770071371, 1.5181208631662775, 1.1420199142640726, -0.89111799389179869, -0.57162092008083409, 1.1691284412231915, 0.87930049878777916, -0.32051361785564658, 0.21069511009504635, -1.8221291476951027, -0.0039550217941844486, 1.5240707285850172, -0.27044760519969341, -0.35258368899286985, -0.24806161084521386, -0.060226842461703824, -0.075075674093197986, -0.66276250323786212, -0.89940895281570055, 0.61763397823861421, 1.2388099794831762, -0.20354252718682395, 0.03158330963659952, 0.33418380316196378, 0.17405264877070414, -1.589285419410051, 1.3613721226875504, 0.94139896661740297, -0.51536774346280889, 1.6748866877317423, -0.50988097763733997, -1.8459971089990699, -0.22170785340197552, -0.70987052585309474, -1.434842632370692, 0.15026811638973481, 1.1784381033127882, 0.38923715143268334, 0.017956653767467658, -1.3758215806953145, -1.1239641450578812, -0.017140171311468441, 0.47191497547883965, 0.33973857383182449, -0.38474556632848839, 0.17126596125883969, 1.1680771993729673, 0.33319755097885118, -0.64321349396512661, 1.7138961093138658, -0.09355338276835147, -0.050036921862418343, 1.5140067348206652, -0.21433528526928586, 0.26181522703884441, 0.032549721268917892, -1.443707282997625, 0.72894881844747117, 0.26238956881975406, 0.8467983793294237, 0.38607623972569965, -0.27324301725241146, -0.73815025645046639, -1.1361913325770299, 1.0089998963981111, 1.8881091851904332, 1.2767403108344155, 0.8186892524662801, -0.27937523391117086, -0.44183084737332556, -0.11942359394901382, -0.38226355302083226, 0.050707255043113339, -1.409621527017338, -1.2103139736381541, 1.7567109255801678, 0.041225932745140838, -0.82292081298297748, -0.60674302092576171, 0.97551415578956402, 0.55226321955587476, 1.6087043948871633, -1.0807745794584271, -0.57427075348951528, -0.99141552284060563, -0.53283610137653692, 1.740175301964233, -0.034382299207639154, 0.84932419346779953, -0.265311161156632, -1.8933267857856517, 0.18571680013929212, -0.10315100874509534, -0.88791952499478566, 0.89956719476007363, -0.20126676805785054, -0.62946063578931011, -0.96863535426542535, 1.1640357590136972, 0.7857596941216024, 0.17469547290024712, -0.33315105354458041, 1.2415308255676776, -2.3803699521204993, -0.63757542606846196, -1.1979382763783384, -0.97846133916469624, 1.1979242170325799, -0.88878174280954114, -0.76193625876601967, 1.653644744248572, -0.33721593411603462, -1.0662021378177637, 0.42919458657981824, 0.46296319080373283, 0.18518481460115127, -0.39322444495469649, 0.73719692396816128, -0.1874995514439684, 1.1595248622945109, -0.89019119407365666, 0.17257377854355571, 0.67597512122015957, 0.32584335621969346, -2.121522961900935, 0.52458515653794446, -0.035975392251019325, -1.4012175111549567, 0.61255507695250044, 1.5344600849237655, 0.34540137633126322, -1.6158512012317428, 0.085051249488988831, -1.2650285579937903, 0.36012642707935316, -0.9140815046047166, -0.16625209247223444, 0.65580536522353616, 0.018204278925903549, 0.87968034067086676, -0.81157881213294147, 0.74759310788945232, 2.5117148888217296, 2.4930471442786013, 2.0969413743808607, 1.2448635105284003, 0.58420361162087764, 0.72875308971054531, -1.5130796865454914, 0.02693818646900361, 0.92092523411673632, -0.12281232997143085, -0.79936435900927183, 0.84181650499766003, -0.95341108990755541, 1.859123484436398, -0.21810509981560897, -0.27471304811740477, 1.4782336886811458, -1.8840533260784422, -0.84057934167070314, -1.7274403762741817, -0.0055976396450891372, 0.82052849009976325, -0.91931784528480265, -0.15570869641185214, -0.12586354797917859, -0.043351776476866492, -0.34619565757190923, -0.64459201343545425, 0.18696593603759495, 0.78689843154283323, 0.94879346869633452, -0.078429735748561491, -0.87435605308394637, 0.46549727789047629, -1.0886409773735797, 0.023430485474709013, 0.3583924295947859, 0.80411511888806997, -0.65703733984505319, -0.42115223879462749, 0.75012846697016555, -1.2042104574758066, -2.3220007618115459, -1.1178418132219698, 1.2066802668965875, 0.52891922948198145, 1.333138527539552, -1.5737833253169209, -0.52428539899222959, -0.73087416641343106, 0.25282211265275395, -0.14415299736924894, -0.76604575456326129, -0.60421260029378521, -0.5112906690225868, -1.7694212392309756, -0.69746254574799216, 1.1470951394848758, -0.070766376514456802, 0.17012892958534215, 1.6212921559107021, -0.60359006169695339, 1.1318159228736848, 0.37227406163227883, 0.43823259705478002, 0.08917290344049647, -0.29709220630391336, -1.131089297242631, -0.80455155005397172, 0.11990749401503914, -0.62088133991879846, 0.3291417535884642, -0.12893446312310258, -0.86088938710718355, -1.405924089157468, 0.55006600278299866, 0.53513490366581595, 0.070844097325097846, 1.1055866283237268, 0.06083552023257599, -1.6060548657286695, 1.2209576065857639, -2.262380687834145, 1.3102850177738703, -1.5026869228404587, -0.15144174064439636, 0.24714151763717984, -1.1595259655199732, 1.6810021287770811, -0.41985730175005392, 0.70068413306341037, 0.20202621570181392, 0.96248145168962129, 0.49869998850421798, -1.5598258960150722, 1.5338954678571368, 0.84771119914641091, -0.30950323324137591, -1.3353114053132267, 0.65661551522710437, 1.044239957976947, 1.37187049856176, 2.2739823228348235, -0.62925881000570227, 1.3150390579628264, 0.59573009762090401, 1.1138014484755685, -0.29398948344661824, 0.89905888594237282, -1.5105456866332096, -1.0180977927978581, -0.34799415756626845, 0.062267358343205827, -0.7989345736295923, 1.4523559662952334, -0.67618207890398119, 0.79812903245510036, -2.0519165684652125, -0.79248715959784499, 0.54822979217625156, 0.66747602271685613, 2.0570013903519988, -0.61156902819394876, -1.1431840952174364, 1.219210571010235, 0.53011128452420708, -1.1493550434970237, 0.27050714136502907, 0.3652046878728058, 1.6750554044950903, -1.5438733474637094, 0.63974494741256815, 0.022022407649341658, -0.060402235563612898, -0.72920098047100379, 0.60561929572506012, -0.82751164545684874, 0.23708110383068567, 0.18474334178760982, 0.72877205866968497, -1.0124161815830934, 1.6045993660884883, 0.78791154383324746, -0.063349749653448348, -1.740186324344553, -0.12272994012968688, 0.80406932110374219, 0.24651517341317983, 0.24163195664593495, 0.41926665398474622, 0.57208971846320333, 0.15446065425483885, -1.577768777010977, 1.1474657994399793, 0.88098400720705172, 1.0173982732589928, 0.037575414576058494, -0.27557047406666685, -0.71372579018099813, 1.5251281300256763, 0.85148890376235453, -0.67590976404659453, 0.27737468114914177, -1.4459082575266711, 0.11820578189261964, -0.67452054141497897, -0.08652942004893667, 0.62167519076530187, -1.6868555404814853, 1.5904609784513561, 0.55149751828150229, 0.35130841900699811, -0.68537246810619767, 0.21742821516150573, -0.7518215067036047, 0.046334302664106833, 0.13685129168600388, -0.14218872709879357, 0.33250360532663698, 0.3368522759994792, 0.30186252773039779, -0.04896544009828438, -1.2108619765002226, 1.3841734813900115, 2.065243362383983, -0.017245202763485058, 0.013062594664637975, -1.4300888858731333, 0.15864233384482909, -1.1491436397715842, 0.13731274689802256, -0.86901983746093792, -0.57901108846160931, -1.8760299400873868, 0.49526264316952495, 1.9755803264580254, 0.0029533853502375336, -0.37165912025360037, -0.12105349947056003, -0.12549918775138891, -0.19084014970583907, 0.42757599334551949, 0.78692409424316667, 0.80102539738316747, -0.15562016845540175, -0.70990872545674866, 0.26567021868249541, -0.83001895271632409, -0.68372900209844822, 1.8185536990239768, -0.20365135032288026, 1.0965365587492497, -1.2069692833506631, -0.9934173542313115, 0.59516963782262056, -1.5762760575239727, -1.1158441724574069, -0.013947697918121282, -2.104831904689954, 0.98198220570144279, 1.0482266352466449, -1.0828674810941659, -0.39438413526485644, -1.204615431712605, 0.2367253421097627, -0.4502019655363439, 0.77530706166543728, 0.070659824651692862, -0.48030585493064976, -1.2622516659450764, 1.4994520459919589, -0.52067702743338073, 0.023273505018584027, 0.23612057436430323, -0.049776019984932897, 0.81962379885719072, -0.091355235187732142, 0.003975196064242445, 0.86278100887279274, -0.98844916266418881, -0.89787742816656679, 0.10488511455512858, -1.0218090887616957, 1.281506554239525, 0.088762875645190434, 1.7970774423067415, -0.55806521087702576, 0.31481043209312182, 0.5806279008666273, 2.1168972111932827, 1.0485784819353754, -0.060108308265652978, -0.99373967698153642, -0.62699454237832963, 0.31878806075372512, -0.44886103393974902, -1.1183991022145492, 1.1159313204304337, -0.085883810060625829, -1.4044286945769444, 0.89593453162239389, -1.7174449690155302, -0.45161434512929205, 0.23170380725122944, -1.2900923834355753, -1.2853859954073037, 0.45360047855271884, 1.3161469858085326, -0.1475421148389508, -0.73858313916710105, 1.883817340457516, -1.1226132753944673, -0.5185517684929265, 0.81115858587343426, -0.41827069410981849, 0.13862255730261913, 1.2559821324456555, 0.30065398744240995, -0.4153414641006134, -1.513563245883357, 0.12600809708138805, -1.6364885758420509, 1.2891194548613067, -0.95692898719122454, 0.43175171302688814, 0.85906125019748625, 0.096788405783594628, 1.0522177534762787, 1.1232844610401733, 0.34876447579581538, 0.55375491142026934, -0.19229281893262279, 0.17371236163147313, 0.61744702174444233, 0.44674692312986358, 0.26931652318741939, 0.028566941222717569, 1.0858159325720182, 0.16985140266069071, 1.3541115909981309, -0.55494405159194482, 1.2847864731970142, -0.71326127654820581, 0.8720121468820492, -1.0917124382368801, 0.2184760136736483, -0.92087235024572023, -0.98788962454628582, 0.50278263385950783, -0.73345689435063355, -0.044834649370667855, -1.8378121833195071, -0.42755018752382595, -0.29655621219573591, 0.60590223142550603, -0.54727186955902918, 1.1556616518467027, -0.79482263915166385, 1.4240874456572645, 1.3038393372872723, 0.64007991418781718, 0.2937690900232644, 1.7461304576605374, 0.25927586236665523, 1.3797635450085981, 1.1030708053961642, 0.099919599187869204, 1.4582943426464294, 0.81400132760132493, 1.440202689559374, -0.130714998913809, -0.59778158350195243, 0.086952042481665964, 2.0150261153332085, 0.31631801697807377, -0.24437930886335513, 0.93485880480569938, 0.35502046820349487, -0.85219008041419952, 0.87827730632562928, -0.68586984376256932, 0.31413296493493403, -0.11540601440672853, 0.81528462054316664, 1.8653903996501, -1.5506902310363126, -0.19381952362825117, 0.32331218626888003, -0.61203888523588135, 1.1909875491708588, 0.2807466013354335, 1.0452449115208724, 0.54072775896531355, 1.2575661793224555, -0.59277458591359389, 0.3925730815714496, 0.64458985449769002, 0.084498545621199628, -0.93722193073169036, 1.0203774918727597, 1.0904401341985308, 0.19504171791821717, -0.7097759768456845, -0.60503414137177736, 2.241049871753336, -0.2584957144538847, 0.9218317883479662, -0.057542444154429835, -0.52652086808796073, -0.014116482883278117, -1.7683343656253538, 0.23339759312968744, -0.58436356140199963, 2.3090768228634628, -1.0606142370050236, 0.77347217327559903, 1.0104325148167053, 0.23192434147995414, 0.82260041662192973, 0.17752449510802196, 0.078654502713407168, -0.12542885805527229, 1.0144280294438552, 0.13391398129581622, -0.40306195565052583, 1.7343739772952267, 0.89752993704057249, -0.65369495272239042, -0.075141171050416261, -1.1583294058164986, 0.53099523999800069, 0.1281359855361886, 1.1056689834064313, 1.4112457255448474, 0.29597704367828592, -0.48012523887284297, -1.0986255083356971, -0.47919927174508997, -1.302484604680985, 1.2895615659190451, 0.27789491129149341, 1.3110699142086484, -0.68388074287984268, 1.6999833580374388, 0.62493223839382395, 0.17398268228060515, -0.55187397057660081, -0.82608437139993329, -0.019307265744656795, -0.17890536591523021, 0.15915112767004244, 0.7528715702236346, -0.38929014380153087, 0.51039962272479522, 2.1285486746183797, 0.2500513256171617, -0.6798032577028128, 0.26060821982087468, -0.3258245888064551, -0.4672966038990039, -1.3764328334520992, -0.13209206312930796, -0.27711460505699859, 2.0524154484947092, -0.33809650304456407, -0.42602792504195552, 0.8632172354146227, -1.1822072629858134, -1.3681586876187162, -1.0752137674424083, 0.56272209503053205, 1.2133118957072153, -1.9424903707339181, 1.3632075505688321, -1.2665807752919356, -1.5505549215465557, -0.57130420681788652, -1.1427969307444603, 0.43155219437724546, 1.3391504764482709, 0.38544577801989971, -0.60206424614764376, 0.90662087453870466, -1.140478644269433, 0.22958033531718927, 0.66875844814355778, 0.72290921508826278, -0.91806855551288913, 0.78510066641518184, -0.33932291147065335, 0.62694627702210259, -0.18485056504555156, -0.32542438713255628, -0.23496073821842126, -0.14431302569408289, 1.2380132620029407, -0.69825934705496429, -0.20255513114983889, 0.22013703684546418, -0.20198606870980215, 1.0348786789132898, 0.96752815098000744, -0.066445828349525615, -0.34245901644461046, -0.034566756009212211, -0.21944279519964141, 0.26226711535784103, 0.98840464052862065, -0.4325854674385195, 1.1053647927569017, -0.21351988144258627, -0.21769547574520237, 0.48996486255146404, -1.1918249822801008, -0.80217810877878371, -0.030049273817386139, 0.67723480784470602, -0.25868758264827707, 0.33593362084785561, -0.035201259949306389, 2.3239636098407539, 0.98817685117185916, 0.18310350763076569, -1.8496349845125795, 0.12294543142340722, 0.62939065645063641, -0.58933940312900712, 0.54030524476767428, -1.2583086482821284, -1.8351014054672827, 0.66178431462210896, -0.37341728042266964, 0.2388390069477388, 0.34426026959247424, 0.058517139433199056, 1.4417433535066784, -0.12363036845849662, 0.59779964935411778, 0.18371819609418477, 0.38593342385016355, 0.95690424506448146, -0.43328723003200542, 1.579982004578899, 0.63812779094038352, 0.0052188541464420826, 0.65873933694858655, -1.1136236208952017, 0.7014580430722539, -1.5926076594068315, -0.17836957669218478, -1.3435542912751632, 0.29454742836681796, -0.13530415350190558, -0.91360571534696, -0.002610968109857374, 0.59734354963553493, -2.495631141998079, 1.8450495628942287, 0.17224092939093066, 0.16988913370786368, -1.8994365022789106, -0.15430672842573814, -0.42884237339736708, 0.90597762445348751, -1.1050336087224732, 0.70784907511345441, 0.78376260228296035, -0.26180850912030568, -0.44354647284464066, -1.7910103840204277, -1.2770348509387777, -0.047515189672372969, -0.46755065228996673, -1.4040582397686698, -0.63301688498606068, -0.17619242603732191, -0.073969486577978527, -1.3968161148143299, -1.0199760233306674, -0.22798201634645779, -0.0091595963282098819, 1.6725267177544556, -0.7959090923352139, 0.28055226594702071, 1.038820007508531, 1.0660568573761764, -1.1179857275497036, -0.35145377277701817, 1.8535952093958408, 0.33363615174271055, -0.36096366630508187, -2.4966644763762202, -0.99420026828603303, -0.55251631239997245, -0.70135456613420755, 1.4083351078030808, -0.087217389643298948, 1.254021372871946, -1.6097247608298029, 0.47002734191370821, -0.85374708546772293, -1.9361486944761184, 2.5546167701464602, 0.31272102104010524, 0.39382554752683741, -0.039388764857360023, -0.059434272876525786, -0.46303865309192443, -1.4012384565558007, -1.308755919318604, 0.077948888549101189, 0.37649975602283764, -0.24685289936960331, -0.73745772443420521, -0.57677573528012172, -0.17753415919431512, 0.12838348865182614, -2.9046582786192139, 0.035825240218451154, -0.34467053597816416, 1.3958755719658296, 1.7534929183073749, -1.0907952348557151, -0.75166918505012548, -0.20582645737399843, 1.4317054394042357, 0.0081352825872111258, 1.1376898947890055, 2.0056959964700374, 0.9915061575284011, 0.083033659225481574, 0.67314800823304766, -0.1874990239077578, -2.0339633553676113, 1.6037594240470761, 1.291615398292147, -1.7298387000466007, -0.48429354411059683, 0.45849912804700182, 0.64456737445504164, -1.8009893177575167, 0.91880996359763412, 0.3416407416371256, 0.35210737616950138, -0.17569576312265175, 0.10654862688887644, -0.81603356445215891, -1.6492768082318048, 1.5620396264914702, 1.3373130579450134, 1.4604816502055231, -1.7385894739981058, 0.37231950072864162, 1.2532766365811991, 0.73413390000117784, 0.73297046459645343, 0.16195859952479735, -0.8631395019904452, -0.12521463741951785, 0.4525890567035864, -0.051550686043316897, 0.26906583485490759, 1.1670948724179271, 0.79382783648542676, 0.37675075838532329, 0.72110415215896573, -0.66339966280233653, 0.32982494264337414, 1.7628405955108941, 0.44398720491852434, 0.045366244044654676, -0.30427067119451073, 0.8297588354167208, 0.48329933879243031, -0.72076783184707738, -0.88274103697847439, 0.46444412349933084, 1.6318108762811476, -1.0835645526168474, -1.5235081937217883, -1.7628098412395274, -0.063456580249025826, 1.0402240135840783, -2.4882228704680136, -0.58739938118747292, 0.92231955712962643, 1.7316869432587056, -1.3064502520755141, -0.5720004871699792, -2.1183435838415656, -0.060287539273675875, -0.063311444917729331, 0.26046498970607512, -0.12745217971489758, -0.39637025184454039, -1.308276745297968, 1.1914091723105031, -0.8597280398641941, -1.1517613661829151, 0.94714811834210644, -1.2833270762982709, -0.058098905444206789, -2.6902184092446482, 0.1104626188094255, 0.6675772818248531, -0.71470296359316288, 0.73545620334685324, 1.0710282410434975, 0.6224705992212104, 0.61317834704363294, 1.1312399744135591, -1.0002470529429837, -1.1968653808801246, 0.47788480172709569, -1.0129265147580877, 0.46112952990132833, 1.096659609174506, 1.0005583858570861, 1.0022324425059685, -1.9882396069533506, -0.13907852925703287, 0.097545968267087599, 1.0245305572758827, -0.49633242204052946, 0.78374595753999921, -0.45154702562595472, -0.16823117674685503, -0.268000747560177, -1.219538808355263, 0.54509475879537528, -0.77915634116347376, 0.22877359503002173, 0.50353864496617862, -1.1054930579639317, -1.624790771952338, -0.52879486886289973, 0.84049779419469817, -1.5150829939949086, 0.126830451598091, 1.1909562690812048, -0.66069326378713844, -0.66736763118243148, -1.0513534549547672, 0.4204816304272182, -0.10972806207492518, 0.25489666378298087, 0.52289630636230167, 0.2491864749098206, 0.099400215679473047, 0.48517175758821396, 0.094736355785688037, -0.13816423309739631, 0.28520282087988885, 1.1594019137966525, -0.41382994618392199, 0.0095334848477372988, 0.66459131221649215, -0.54717233437421353, 0.23048518805097418, -0.1180059338306865, 1.7865499413226005, -0.88303104262715193, 0.30293901203312157, -0.64704943278111693, -0.50632309569959888, -0.011605569784760602, 0.49079946202324176, 0.011553837987588217, 0.16710668180682192, 0.032601525095002547, 0.0028181698607436228, 0.13675289835639126, 0.6146938414391574, 0.19671390946614981, -1.5454176636785693, 2.0551190948785956, 0.86004449479983891, 1.0800217072788054, 2.3448099186703346, -0.46638674763547278, -0.58159086542285443, -0.71742305610931034, 0.64360920527031196, 1.520662247297631, -0.3392587401628725, 0.22833658714237798, 0.40597241515636989, 1.1603515915437101, -0.38675253445243923, -0.51666839213410187, 1.9035913286473418, -0.4178991707000983, -1.326390099186036, 0.92477228602288475, 1.6416223487391561, -0.10511108847307098, 0.17664774911888653, 0.76416569158327519, 0.9625209970175056, -0.90525545946001451, -0.27349734135848425, 0.37434812071283624, 0.6551522549583948, 0.18589894081857317, -0.58637244188754167, 1.0180693428158476, -0.35941068251007802, 0.62718637753628381, 0.075518254888132935, -0.71215191824237678, -0.62073484500383946, 0.62022564565947336, 1.0604052093281711, 0.073500380139259192, 0.68775231878543597, -0.53640948737778493, -0.49850068972273903, -1.3327938824818681, -0.96039050609233334, 0.081615368443770195, 0.17142593317230614, 1.3271849032241756, -0.55837011637604328, -0.071258894343273219, -0.14356395549128381, 1.6883509573285649, -0.58227329909260461, -0.33070321171438943, -0.62742733457697475, 0.17412491716629103, 1.1434021238667107, 0.52279399810876459, -0.74388155135197331, -1.3605688312720492, 0.8765396832123582, -0.2967951574420184, -0.79754723492072088, 0.027489432665000441, -0.15882112290055239, -0.50521564522504014, -0.010365381813101192, -0.8319779647318527, 0.19230493045129657, 0.77454429619315945, -0.32029067720842619, -0.55494335877600187, 0.63969574408399721, -1.1475553628452346, -0.82166537471348777, -2.3882262585888023, -1.7688352227023985, -0.300559316553968, -1.6298326021163152, 1.0676371030542504, 0.52245636418285935, -0.75643544347412428, -1.3759735326797977, 0.93342264841459155, -0.68852466058014383, -0.8081355596245906, -0.59583601996423152, -1.6567208713810251, 0.34987648749524641, 0.91342678042182268, -0.49255831870331557, -1.492721583962219, -0.013968521839720676, -1.7480084280054748, -0.90554368064013424, 0.89151571454621747, -0.10402891736706009, -1.6142375920674683, -0.48248622576317507, -0.097299943218388252, 0.51043384081304144, -0.018429476702158904, 0.13043804439313905, 1.4037561146922657, 1.6530028238860521, 1.0615591733704253, 0.89801374456148475, -0.73201805623726657, 1.092681742744734, 0.11851805033077976, 2.3243151470682499, -0.28134787981219411, 0.6800367525984804, -0.49096615413710887, -1.2203692298946573, -0.01230988377464122, -1.595151707598008, 0.2878472406936094, 0.33002927465465332, -0.054188953868894732, -2.3221164382927255, 0.78959464345468733, -0.31397295405922754, -1.5204106171711178, 1.3233615856731986, -0.2183475658412127, 0.33275874847994774, 0.68893258740633845, -0.095997017123109624, -2.6643770036250398, 1.1103141227974536, 0.10342191853917511, -0.50490621633902466, -1.5324436250565485, 0.2289555750136974, 0.38195296028914189, -0.32049978088733244, 1.1288064362122334, 0.33332673422904663, -0.353029222703233, -1.1408507213838186, -0.71775149114759929, 0.62514632616462051, 0.20872842141769349, -0.34231194772643642, 2.6205541987654479, -0.75265358410364569, 2.598307931486473, 0.17821909006365658, 0.24079430083889392, -2.3331615380927095, -2.3054779962653762, -1.6912170541695344, -0.94464919160849958, -0.76533021735931106, -1.7487437851961771, 0.19685557510081614, -0.27751029390663684, -0.61628478522084107, 0.53531300930562598, 0.8388472311553955, -0.5606735227348838, -1.8209338916436997, -0.98592326815906106, -0.99424023068529399, -2.3894333993125549, -0.18278430292146394, -2.775296004321119, 1.0177445296832566, -0.29186487796185689, 0.081283196231472996, 0.76894655541344359, -0.52224848129242063, 1.2277637791892122, -0.24443278645035749, 0.9757407707178527, -1.0499114693297205, 0.36132435914203087, 0.16082241959816132, -0.89012926993312935, -1.7241973219646427, 1.4133963715247211, -0.35132315985570689, 0.87009384617892205, 0.31511591039119669, -0.037719814024895278, 1.5809090811914768, -0.46212959736960735, 0.66964167356636195, -0.041061983540032189, 0.51270062339320455, 0.64709987000189739, -0.82706436375022063, -1.2920619825142472, 1.4762624444623744, -1.5317415638345098, -0.17557283095217929, 1.5084777048727462, 0.02488120722621448, 1.6661063799889642, -0.40307857827650884, -0.35633226609133406, 1.0305353156988508, 0.87050532194067887, -0.3031245079097622, 1.2673096302076226, -0.18107640249820076, 0.81646681041954994, -0.69988841298462268, -0.96803525561579307, 1.1191721997528656, 0.28054763852404929, 0.6976298391416762, 0.57824451018299283, -0.63371627345373371, 1.2037741570146547, 1.4012722639051529, -1.1277391073049328, 0.022948179952625547, 2.6452417816608076, -0.19485265363016149, -0.6433983368239925, 0.55566564827291398, 1.2602649210342494, -0.18693639864504236, 0.85472935769294889, -0.66116096506805311, -0.63553601275533445, -1.3271315193436977, -1.0771761847399357, 0.42288490757706848, 0.89197863354876028, 0.11510098763824606, 0.23648647154104435, -0.27228121091728963, 0.27369114571550607, -2.238859381159843, 0.66181540613436696, 0.86147553049360448, -0.85325866190361588, 1.3748464570883163, 1.5058160863050507, 0.68417889130777343, 0.26973435968249565, 0.17995828544810796, -0.31065023733942032, -0.22769177701208726, -0.5157820845840464, -0.097049109427090385, 0.52404242115620747, 0.4857333829061472, -0.076288024807060456, -0.38193140813978227, 2.9448296139956898, 0.88154470127467122, 0.48984053894104301, 1.2642728370341416, -0.93399886976594249, -2.0665196282183453, -1.5887510861443102, -0.73179703520551742, -1.0513833390816743, 0.066084343753261651, -0.9529558006965736, -0.99511694576682486, -0.19776625526200414, 1.2405600387794637, -0.62607056693298135, -0.46981818417262866, 0.622659333422101, 0.066339958085189568, -0.87975359482122506, -0.53219927856164173, 0.39933316485265447, 0.79411161832020483, -0.70163899723658252, 0.23493691180292525, -1.4120659193127458, -0.48331777088171091, 0.46181704608689167, -0.4320764854150202, 0.0296512296770973, 0.38946021989567453, 0.57572669173958746, 0.033159620332026365, 0.40492516437796472, 0.4813463480965206, 1.6512328908310898, 0.48345707585552061, -0.4989941250653997, 1.3265151937182682, -1.8432248716617954, 0.94100402482532763, 1.2929647378504714, -0.51473282740533466, 0.24712037546888274, 2.7364396835689235, 0.42090135027158171, -0.50616594296648709, 0.17116169442593035, 0.33757147187796938, -0.58443097911396946, 0.84684419831016189, -1.7132147994356863, 2.1851068543365968, -0.32247302779798198, -1.5052002456378466, 3.0316193572807988, 1.2559680029065134, 0.91989506302495738, 1.4956681839552821, -1.222028873233723, -0.33607796799976158, -0.3771206725159072, 0.1341401452449584, 1.3224154946561553, -0.67630499934283805, 0.84305349024478449, -1.4066762567648652, 1.0486931422778825, -0.23985678577435537, -1.4716411319446436, 0.74152247681442762, 0.54886208828668492, -0.076227755816800871, 0.76805088708807323, 1.0441655543272785, 0.70239059265894355, 2.0687488814147006, 0.53686243800728028, -0.39656399724454078, -0.41580801056720301, 1.276197778716871, 1.0815233193562515, -0.8744570671210079, -0.88307345145325977, 0.50542170404022047, 0.49698940640231604, 0.56009320160472142, -0.77434729601854591, 0.36940123781539735, -0.55098857445057692, 1.0696794915567778, -2.124029940648902, 2.7666071042992422, -0.88123188271334929, -0.50316537681590101, 1.4021149390743368, -0.15667150611899316, -0.55625623052450135, -0.18713225632160138, 0.18987526011113823, -0.47397382086282885, -1.8350016027154341, 1.2044244642765363, -1.2713226934822577, -0.91871919600448748, 1.0706561347971242, -0.14663425357302043, 1.0467313602248931, -0.072736972544066594, 1.6051101223414976, -1.5285330429818498, 0.082898783643328214, 0.39622524101877288, -0.98316275831306765, -0.19051040963351221, 0.98998110971578979, 0.5927802101612889, 1.0571645849376392, 0.18269071873025264, -1.3388686205023002, 1.0116215573010618, -0.86696096370099252, 0.517615728697705, 0.68765067986555695, 0.83873758235612339, 0.19372114807681609, 0.10567523971288696, 0.84168347404416932, -2.8192834897192562, -1.5960739128043584, 1.5746770279925941, 1.0226425193052922, -1.9565738403113977, 0.64133660215450117, -1.4898707051886106, 0.9419733487746238, 1.7990792535718423, 1.7190515236428392, -0.01799365151463566, -1.3503667986493879, -0.26575100560994847, -0.44821906949151114, 0.18668033014560087, -0.62879668846267944, 0.016111034052381488, 0.23836192445229523, 0.056490844394406978, 0.11583737033810866, -0.78477939476280323, -1.9564136044646148, 0.15469944936727631, -0.1615209301531477, -1.4041924381487345, -0.14212163404024322, 0.06210587966811347, 1.1869908824157591, 0.04877534819811629, 0.14520452740171283, -1.6211621928613744, -1.517570482601027, -0.51152475631335126, 0.57997957579069381, 0.84339745465289184, -1.0580405552381487, -0.0040420799989059081, -1.6526288039914734, -0.28876897859398104, 2.3867106581135333, -1.1092818409751934, 0.36294941510980488, -1.1678910506629012, 0.48619266446137988, -0.16914463012023345, 0.23652112109449111, 1.6189618134689558, 0.046068678179994271, -0.018020932400436115, -1.5849716991481886, -0.35532464764014204, -0.48690876836422226, 0.43665451466979083, 0.11840249099921206, -0.18874028615590124, -0.59524364074104918, 0.47149500963874097, -0.55045680044824652, -0.45746820615117723, -0.56160934859230882, -0.01910829588643756, 0.15079148015439944, 0.19506883081007964, 0.63087833570286189, -0.25889743285493533, -0.052375039803975489, 0.55554546309584796, 0.372214251372464, 0.39366014168270846, 1.075093271243198, -1.3284335476748028, -0.65048970755660496, -0.15108870407725686, 0.68554988137360795, -0.47655225343011454, 1.0545755357402815, 0.10395645536334913, 0.76466097182104376, -1.2639684345784612, -2.2192205882907103, -1.644927219371785, -0.092783616510268951, -0.24447358256927657, 0.61606295954295454, -1.0063001308561419, 1.1286145188186427, 2.5721516246027742, -0.57213737245993679, 1.1787855598282606, -0.9884465443329804, -0.93615738298712858, -0.25279350853120053, -0.14484617333883254, -0.87294210108420567, 1.284527944232785, 0.58566744668162607, -1.1146901452520728, -0.62046981241543286, 1.0093887575977407, 0.51864119075173365, -0.51863284055818659, 1.4236270868511247, -0.26436544520630617, -0.098438842701022114, -0.54662323212616448, -0.08468443187345337, -1.925566436962965, -0.15198921703951498, 0.63883276948664414, 1.2673426720653034, -0.13931338879509794, 0.56677198348250868, -1.6306380897753785, -0.65340247562115972, 1.0374204918643153, -1.5059746525170545, 0.14988668090070134, 2.0311003757124033, -0.44538327493375152, 0.61116788054983051, 2.001406846726336, -0.13885417878007275, -0.22854276158275802, 1.0871965520434845, -0.042479978811459616, -1.2275527115543576, -1.0227405484576297, -0.17573463965877187, 1.1178113949683937, 0.0083118276561909721, 0.82656424590065292, -1.2615441498994107, -1.8937693481996873, 0.78817901364030729, -0.58891578874241279, -1.036458366525175, 2.4599684663097472, 0.87365253665273546, 0.63737657115538959, -0.083409124868753168, -0.85467879414453585, -1.1942993093458809, -2.1587373177378537, -0.27014346220437585, -1.2457052003625906, -1.8493758922504959, -1.6592013338834755, -0.40086372741749526, 0.66004741628119712, 0.24396337745722188, -0.60934000902897523, 0.052795366559588372, 1.3246244615285894, -0.54182873968687129, -1.1212627754434206, -1.4796274101324267, 0.6967491321451037, 1.7332215651678511, -2.0195802378986296, -0.077371460200640965, -0.51364848355223025, 1.075949182922723, 0.089878308580365954, 1.5169823686375694, -0.28858583944167998, 0.34483390088876842, 0.31288344627551179, 0.42184448029720822, 0.81625622006746079, 0.72958514563632793, -0.31088768587157334, -0.95371654727685862, -1.0379239437575944, 0.019441014264356963, 0.078136706445680063, -1.5519140120121191, 0.39910990132582769, 0.065187858149742234, 0.39240653581694029, -1.3260133588962304, -1.1573565710400386, 0.61165785418843122, -0.49330976982341568, 0.19326976609025612, -0.22366256233779244, 1.2321621194606203, 1.2702827204937097, -1.4268364398559856, 2.1373259839112033, -2.4857211422665917, -0.50522047514091684, -0.96184129861375889, 0.029508679499773673, 1.0301547561261397, -1.7652857537530846, -0.47065335829717597, -1.2829370031763085, -1.8491954349097182, 0.34601559901644929, -0.13873586502371307, -0.88881418028334525, 1.5214378408948899, 0.05403789630154638, 0.9093622896335386, 1.0302003109369298, -0.46188782406078438, 0.013166807928966741, 0.84762866573949736, -1.0734005546822967, -0.20510057704817525, 0.22446030892371996, 0.041039130880448416, -0.21579139818900972, 0.3045719183110418, -0.68487171820756809, -0.040104632177379848]</Parameters>
			</FullConnection>
			<FullConnection class="pybrain.structure.connections.full.FullConnection" name="FullConnection-11">
				<inmod val="SigmoidLayer-17"/>
				<outmod val="LinearLayer-16"/>
				<Parameters>[0.94408197974953312, 0.65673074315348767, -0.88686503593392374, -0.76198702426555742, 0.34517495212828042, -1.1730234669892396, -0.9345188855894575, -0.98250798514438109, 0.64099568278637853, -1.1266340690388494, 0.25079180689180985, 0.57764143085874053, -0.44480062379294177, 0.56386368208547144, -0.67207835385134918, 1.2594031949197282, -0.66121832342034315, -0.65162953235061749, -0.30332418476601292, 0.019260893392612177, 0.34548281729938074, 2.2564793803946617, -1.4883101103251952, -0.77177462083622916, 1.3668877614704349, -0.50615363506380739, 0.73834708633914836, -0.22241641817359534, -0.55663930849639187, -0.21416113804164774, -0.31603465717798346, 0.017173525347002939, 1.6160837394029215, -0.30959938732056097, 0.92832888318819484, 0.48297448174524737, -0.88853234648223889, -1.3176612754281964, 0.27289032545858288, -1.0474716531342236, 0.1178204969827911, 0.23561831320068069, 0.92405952758391563, -0.25551994623552904, -0.39492701908666922, -0.72316564426996843, -0.5855725220708986, -0.71544519063796175, -0.32381669684132208, -0.74278910508794949, 0.52531634757169798, -0.008242522955111518, -0.78395604176929834, 0.49540379550181785, 0.55229372491339945, 1.0002601099431283, 0.6867948726132771, -0.34897399871386947, 0.043397347095328595, -0.55046610459686751, -0.066469226698722572, 0.60218506323450072, -0.30522909823057787, -0.27074374479918761, 0.016470385797014361, 0.10705149794306985, -1.4296368369579544, 0.48937170771674626, 1.7491631324732926, 0.39112102917475927, -0.19439860926226532, 1.3623206993624319, -0.63898292296286852, 0.25418363122142995, -0.83600363802755884, 0.29794472410392681, 0.29287555590846898, 0.025169660649285743, -0.21985747483785756, 0.1918341790741688, 0.30554331859674977, 0.8569663034083479, 0.14820517406757053, 0.74438597876552681, -0.80105561331090402, 0.066932677568737928, 0.57460705428236414, -0.49011559928977827, 0.15893057124417367, -0.39780378730426796, 1.2469084343010597, 0.27518165389352794, 0.81672850566080457, 0.42472429902177128, 0.061247886331812121, -0.19063136607379746, -0.0010161808873911451, -0.21415165050525628, -0.94304331568116484, 1.3795750509288029, 0.21805821763307159, -0.46660928056316936, -0.23344715528890375, 0.31159988054450044, -0.27917627044594734, -1.3797850549499455, -0.64370397275027724, 0.40039768561237232, -0.309166134496904, 0.51768082351590572, -0.70655042035690352, -0.1752563139962065, 1.1479463906749887, 1.4803520596395301, -0.28983761105331463, 0.53731060074177028, -1.0799674910097643, -0.53103960487280755, 0.12466557593418022, 0.39830835680285737, 0.25243853869867877, -0.54346696814344164, 0.06718765780609573, -0.43237591366895789, 0.78281138470368983, -0.20678280313652345, -0.76824600626055028, 1.263518032515103, 0.19475513981280868, 0.74347064280057795, 0.45670048010205727, 0.54911453022519519, -0.025877098954693766, -1.1448013214663306, -0.42099919847546757, 0.94160429620365382, -1.5135748693016429, -1.0257022472928734, -0.56512008902420241, -0.030632569036127349, 0.19348990221135942, -2.1972637626339262, 0.55531289313952892, -0.32679503809046689, 0.38166778684250058, -0.27767663604328235, 0.80578653929871158, -0.21406348376940257, -0.31141443433483929, 0.3394257913868387, -0.17747862244174722, 0.30621507882419147, 0.70155208321939533, -0.47237500355005146, 0.3540925644848037, 0.54507448266115255, 0.75648353190844841, -0.0439557258289991, -0.74916836047906532, 0.29949282006248518, -0.40076818130069031, 0.046520253639881909, 0.61371630367248164, -0.9107423482303445, 1.6590615002666265, -0.90574431312085646, 0.45108195906115983, 0.20283105465108317, 0.9683515926574966, 0.33668508410357356, -0.95104416228286315, -0.17233959820809014, 1.1777888192126551, 0.86911823880315198, -1.0493514899904828, -0.67352265441424786, -0.52692141070220833, -0.36468628562043248, -1.2642081327112062, 0.42374792194354566, -0.93891639437822583, 0.54703266513785931, 0.49778493959808695, 0.92368693970800553, -0.43230217835026247]</Parameters>
			</FullConnection>
		</Connections>
	</Network>
</PyBrain>
